tree
version=v4
num_class=1
num_tree_per_iteration=1
label_index=0
max_feature_idx=12
objective=regression
feature_names=forecast_wind forecast_wind_2 other_height_wind wind_shear temperature hour month day_of_year is_daytime wind_lag_1h wind_lag_24h wind_24h_mean wind_24h_std
feature_infos=[0.092054830000000004:18.593845000000002] [0.0084740917263289011:345.73107188402508] [0.020567311000000001:22.782941999999998] [-3.9366788617555124:2.0482733979410028] [-15.299019999999979:33.299900000000044] [0:23] [1:12] [1:365] [0:1] [0.092054830000000004:18.593845000000002] [0.092054830000000004:18.593845000000002] [0.80227889791666673:17.987535500000003] [0.045282775743690266:4.827087063560116]
tree_sizes=2720 2822 2824 2825 2835 2807 2819 2842 2828 2848 2855 2859 2843 2827 2819 2830 2860 2844 2819 2840 2853 2801 2853 2870 2841

Tree=0
num_leaves=31
num_cat=0
split_feature=0 11 0 0 7 0 11 7 4 0 5 7 7 5 2 7 4 7 3 4 7 7 2 12 7 5 10 5 3 4
split_gain=54753.9 6620.24 5974.89 2065.67 1440.25 1408 1181.51 1009.47 1118.36 1004.84 963.015 820.728 736.8 632.771 541.973 513.016 504.859 499.966 494.076 488.076 425.878 424.917 425.534 386.826 386.688 359.008 346.371 328.883 322.5 298.536
threshold=6.678686850000001 5.5099215812500013 9.6854380000000031 3.2174326000000004 354.50000000000006 11.428591750000001 7.0559055416666672 158.50000000000003 8.6012800000000098 5.5463970000000016 12.500000000000002 280.50000000000006 347.50000000000006 11.500000000000002 9.5286350000000031 346.50000000000006 18.584935000000009 355.50000000000006 0.26798014928316444 13.275270000000013 353.50000000000006 28.500000000000004 6.615965150000001 1.3199237643651742 341.50000000000006 11.500000000000002 3.3946992000000002 10.500000000000002 0.1355711232213315 -6.3039499999999808
decision_type=2 2 2 2 2 2 2 2 2 2 2 2 2 2 2 2 2 2 2 2 2 2 2 2 2 2 2 2 2 2
left_child=1 3 6 17 5 -4 10 8 29 15 16 -9 13 14 -3 26 -2 19 -7 -1 24 -15 -23 -21 -13 -11 -5 -28 -10 -8
right_child=2 12 4 9 -6 18 7 11 28 25 -12 20 -14 21 -16 -17 -18 -19 -20 23 -22 22 -24 -25 -26 -27 27 -29 -30 -31
leaf_value=5.4681967797437405 5.7810679670911203 5.5950916385765908 6.0176834393129557 5.5292855988393903 5.7414747267650847 6.2573386044293748 5.7693146266226467 5.786035521575565 5.9735500722487549 5.6163272873076178 5.8790990257222484 5.8985165326783235 5.8542095491261126 5.5779003338951947 5.720224178972388 5.7180193342180807 5.6503820925264199 5.6613185097743051 6.0040416404389152 5.5092586418669516 5.7548111143765297 5.6686064298006231 5.7597455592205691 5.6172588529949037 6.0535725988873637 5.7134875502482165 5.5531661245526536 5.6041695507431939 6.1445433770714484 5.9170863136438276
leaf_weight=2878 1149 1105 1340 2401 142 426 174 1144 178 1080 867 687 268 207 504 213 398 186 94 1485 154 791 1454 427 210 587 2916 2232 290 638
leaf_count=2878 1149 1105 1340 2401 142 426 174 1144 178 1080 867 687 268 207 504 213 398 186 94 1485 154 791 1454 427 210 587 2916 2232 290 638
internal_value=5.67825 5.58518 5.89921 5.55259 6.04845 6.07188 5.84847 5.8858 5.95638 5.5801 5.79473 5.84465 5.69362 5.68302 5.63429 5.56497 5.74745 5.50046 6.21155 5.49421 5.90844 5.71499 5.72763 5.53338 5.93482 5.65054 5.56065 5.57528 6.07951 5.88542
internal_weight=26625 18734 7891 14405 2002 1860 5889 3475 1280 9429 2414 2195 4329 4061 1609 7762 1547 4976 520 4790 1051 2452 2245 1912 897 1667 7549 5148 468 812
internal_count=26625 18734 7891 14405 2002 1860 5889 3475 1280 9429 2414 2195 4329 4061 1609 7762 1547 4976 520 4790 1051 2452 2245 1912 897 1667 7549 5148 468 812
is_linear=0
shrinkage=1


Tree=1
num_leaves=31
num_cat=0
split_feature=9 0 9 6 11 7 9 9 11 9 4 7 7 11 0 7 4 5 12 4 2 5 5 5 2 11 7 4 4 0
split_gain=44721.2 5623.7 4593.62 1300.3 1196.4 1182.74 1148.95 930.301 846.696 744.539 532.788 1065.3 488.911 431.499 414.489 372.871 411.369 355.039 342.887 328.73 328.163 315.839 300.377 292.757 299.29 273.384 267.464 366.345 264.771 237.61
threshold=6.7926603000000005 4.9757485000000008 9.6848690000000008 10.500000000000002 5.5638155187500002 354.50000000000006 11.245799000000002 7.7018367500000009 6.1255973083333339 3.0863133500000006 18.584935000000009 158.50000000000003 346.50000000000006 3.8454554416666671 6.0176371500000005 355.50000000000006 15.405385000000031 9.5000000000000018 1.3199237643651742 -7.8472649999999877 9.0279135000000021 12.500000000000002 11.500000000000002 13.500000000000002 11.432009000000003 8.1109135166666686 172.50000000000003 25.121130000000029 25.79297500000002 13.810527000000002
decision_type=2 2 2 2 2 2 2 2 2 2 2 2 2 2 2 2 2 2 2 2 2 2 2 2 2 2 2 2 2 2
left_child=1 4 7 8 9 6 -4 23 14 15 19 28 21 -5 -3 16 -1 -6 -18 -9 -15 -11 -16 24 -2 -21 -20 -28 -12 -8
right_child=2 3 5 13 17 -7 29 10 -10 12 11 -13 -14 20 22 -17 18 -19 26 25 -22 -23 -24 -25 -26 -27 27 -29 -30 -31
leaf_value=-0.18886551691208608 0.054291499909277265 -0.07221714233704174 0.30253529766777648 -0.10452812774753084 -0.10395142253431139 0.058366589210140457 0.44339611765485087 0.091909269532545024 0.036592719337012539 -0.13069010590173782 0.31865246527177771 0.094976850342288685 0.053443250918338972 0.065246456196724353 -0.041154647603738347 -0.017252610932136404 -0.15142076765636239 0.011918914633556703 0.072546758107615239 0.19906174729741943 0.18323335730543056 -0.084918099794651147 0.058473425719724893 0.15255597489573841 0.17594407519163002 0.27161516690995124 -0.17103184113239356 0.12035300807994126 0.6680037480134231 0.61761732367069833
leaf_weight=2899 1024 2700 1247 98 391 142 525 183 1577 3950 131 934 181 551 794 174 1213 817 132 1156 412 2438 489 910 252 943 188 56 26 92
leaf_count=2899 1024 2700 1247 98 391 142 525 183 1577 3950 131 934 181 551 794 174 1213 817 132 1156 412 2438 489 910 252 943 188 56 26 92
internal_value=0.00113093 -0.0805188 0.206847 -0.0060661 -0.120148 0.336567 0.35776 0.160037 -0.025425 -0.130319 0.19297 0.13549 -0.108629 0.0953809 -0.0499798 -0.160883 -0.166451 -0.0255855 -0.125558 0.22045 0.115725 -0.113221 -0.00318261 0.109222 0.0783169 0.231657 -0.0421225 -0.104157 0.376507 0.469374
internal_weight=26625 19060 7565 6621 12439 2006 1864 5559 5560 11231 3373 1091 6569 1061 3983 4662 4488 1208 1589 2282 963 6388 1283 2186 1276 2099 376 244 157 617
internal_count=26625 19060 7565 6621 12439 2006 1864 5559 5560 11231 3373 1091 6569 1061 3983 4662 4488 1208 1589 2282 963 6388 1283 2186 1276 2099 376 244 157 617
is_linear=0
shrinkage=0.1


Tree=2
num_leaves=31
num_cat=0
split_feature=9 1 9 6 4 11 9 9 5 3 11 7 4 7 4 2 2 4 11 2 4 5 2 10 7 4 7 4 2 7
split_gain=36250.9 4141.7 4015.08 1009.84 1001.24 972.693 948.216 890.906 660.476 539.776 493.374 463.393 456.799 834.397 451.829 428.199 411.801 367.899 352.647 332.922 351.64 296.996 323.451 287.701 274.7 257.867 243.75 309.906 241.801 238.99
threshold=6.6778436000000001 24.758073135317868 9.6005560000000028 10.500000000000002 -9.2794449999999724 4.0134437458333343 11.049787500000003 7.7018367500000009 11.500000000000002 0.27581119319570896 6.467618064583335 346.50000000000006 18.584935000000009 158.50000000000003 23.669910000000026 6.615965150000001 9.4384965000000012 30.670580000000008 3.8454554416666671 3.9384516500000006 -9.2794449999999724 13.500000000000002 10.771035250000002 4.4091685000000007 24.500000000000004 -7.8472649999999877 164.50000000000003 22.742070000000048 9.2301275000000018 199.50000000000003
decision_type=2 2 2 2 2 2 2 2 2 2 2 2 2 2 2 2 2 2 2 2 2 2 2 2 2 2 2 2 2 2
left_child=1 5 7 8 -4 11 26 21 16 -8 24 14 25 -14 19 -10 -3 -17 -5 -1 -21 22 -2 -16 -7 -9 27 -6 -20 -15
right_child=2 3 4 18 6 10 9 12 15 -11 -12 -13 13 29 23 17 -18 -19 28 20 -22 -23 -24 -25 -26 -27 -28 -29 -30 -31
leaf_value=-0.16944675981346541 0.028595113074954822 -0.085418668209812004 0.075584746207125852 -0.098089968259494342 0.31000223865032162 -0.18188782237331444 0.45120758338618139 0.080976996464780585 -0.047891098658086856 0.22833591117418575 0.018374623732344924 -0.013346595330043665 0.33789089233488651 0.01811090299014409 -0.10164663754087447 0.035770222230671909 -0.0045238877176992228 0.44746945053339005 0.064339849560008364 0.25955978936205309 -0.1249960970444331 0.13427677985660266 0.12551911475051433 0.038282977527705958 -0.080258772790419333 0.20777770493883163 0.23439673046674697 0.71422672390937814 0.17214348106963204 0.12337023400265826
leaf_weight=3256 935 1912 183 97 367 282 594 174 801 133 498 310 148 357 626 1621 938 22 588 24 2573 1027 545 192 4677 2049 809 20 322 545
leaf_count=3256 935 1912 183 97 367 282 594 174 801 133 498 310 148 357 626 1621 938 22 588 24 2573 1027 545 192 4677 2049 809 20 322 545
internal_value=0.00101784 -0.0746776 0.180888 -0.00862554 0.299098 -0.108139 0.320368 0.137817 -0.0260855 0.410435 -0.0765095 -0.132864 0.172177 0.117819 -0.138418 0.0120569 -0.0587944 0.0412829 0.0831651 -0.148147 -0.121442 0.0929584 0.0642867 -0.0688025 -0.086038 0.197853 0.265621 0.330892 0.102486 0.0817099
internal_weight=26625 18739 7886 6301 2106 12438 1923 5780 5294 727 5457 6981 3273 1050 6671 2444 2850 1643 1007 5853 2597 2507 1480 818 4959 2223 1196 387 910 902
internal_count=26625 18739 7886 6301 2106 12438 1923 5780 5294 727 5457 6981 3273 1050 6671 2444 2850 1643 1007 5853 2597 2507 1480 818 4959 2223 1196 387 910 902
is_linear=0
shrinkage=0.1


Tree=3
num_leaves=31
num_cat=0
split_feature=0 11 0 2 7 0 0 4 0 7 11 7 7 7 6 7 10 7 7 7 5 11 7 5 7 5 11 7 3 5
split_gain=29283.4 3926.44 2960.65 1237.19 842.817 789.346 638.574 624.636 545.36 471.899 470.778 463.006 550.811 432.578 430.982 558.309 425.777 369.49 339.815 329.215 322.241 324.93 311.017 296.867 282.048 275.062 259.733 405.412 255.899 250.578
threshold=6.793165300000001 5.5638155187500002 9.6854380000000031 4.7557351500000005 354.50000000000006 11.669143000000002 8.3022110000000016 15.405385000000031 5.6878528500000014 347.50000000000006 7.1432677145833336 166.50000000000003 76.500000000000014 350.50000000000006 10.500000000000002 152.50000000000003 8.0816895000000013 321.50000000000006 289.50000000000006 122.50000000000001 10.500000000000002 2.6290612166666674 353.50000000000006 10.500000000000002 70.500000000000014 11.500000000000002 3.4628671685416674 324.50000000000006 0.26798014928316444 11.500000000000002
decision_type=2 2 2 2 2 2 2 2 2 2 2 2 2 2 2 2 2 2 2 2 2 2 2 2 2 2 2 2 2 2
left_child=1 3 6 7 5 -4 14 13 17 10 -3 12 24 -1 15 19 20 -5 -13 -2 -9 -22 -16 -17 -8 -10 -19 -28 -7 -21
right_child=2 9 4 8 -6 28 11 16 25 -11 -12 18 -14 -15 22 23 -18 26 -20 29 21 -23 -24 -25 -26 -27 27 -29 -30 -31
leaf_value=-0.15548134504771935 0.10411063636179074 -0.0097251399136413473 0.25376822641045232 -0.085010356780283666 0.036682858268900866 0.44251947967662453 0.17370260827775513 -0.13791395600948139 -0.041908631546857394 0.14059895409055714 0.070152257728188172 0.09847441769626869 0.30529692604489594 -0.0052414652507632312 0.21873251899915111 -0.0076408653238584246 0.27391649507211918 -0.11514583960493126 0.20868716116221867 0.13663811854578348 -0.13515285844769795 -0.031396211676503673 0.064374346630906479 0.081503919785182372 -0.094924372815611696 0.0471159132216648 0.34144058871913602 -0.00054695252634462768 0.23350976479904995 0.30619085006327673
leaf_weight=3738 888 3083 1431 6103 142 359 350 828 988 294 970 850 454 202 475 614 33 184 417 180 418 1086 180 954 44 535 37 549 70 169
leaf_count=3738 888 3083 1431 6103 142 359 350 828 988 294 970 850 454 202 475 614 33 184 417 180 418 1086 180 954 44 535 37 549 70 169
internal_value=0.000916055 -0.0652279 0.167197 -0.0899165 0.271509 0.289437 0.129738 -0.123393 -0.0647774 0.0182657 0.00939183 0.173026 0.230217 -0.147779 0.103277 0.0862227 -0.0827669 -0.0767746 0.134748 0.136452 -0.0878143 -0.0602328 0.176313 0.0465965 0.143704 -0.0106361 -0.0114985 0.0210461 0.408415 0.218742
internal_weight=26625 19048 7577 14701 2002 1860 5575 6305 8396 4347 4053 2115 848 3940 3460 2805 2365 6873 1267 1237 2332 1504 655 1568 394 1523 770 586 429 349
internal_count=26625 19048 7577 14701 2002 1860 5575 6305 8396 4347 4053 2115 848 3940 3460 2805 2365 6873 1267 1237 2332 1504 655 1568 394 1523 770 586 429 349
is_linear=0
shrinkage=0.1


Tree=4
num_leaves=31
num_cat=0
split_feature=9 9 11 0 9 7 6 7 7 4 7 12 3 6 5 7 11 7 7 3 7 5 5 7 7 5 2 7 4 3
split_gain=23879.6 3073.56 2479.26 997.565 896.391 777.322 446.402 462.182 434.172 703.115 478.379 425.452 381.525 373.39 349.395 336.264 373.532 333.552 302.863 299.88 290.953 285.507 285.156 293.306 283.864 246.074 352.698 274.233 245.884 242.356
threshold=6.5314002500000008 8.5294395000000023 5.5638155187500002 3.7828647500000003 10.694355500000002 352.50000000000006 10.500000000000002 152.50000000000003 166.50000000000003 25.986560000000008 76.500000000000014 1.7750564915381866 0.26798014928316444 10.500000000000002 10.500000000000002 347.50000000000006 2.2883099833333334 199.50000000000003 353.50000000000006 0.15919435359071313 348.50000000000006 10.500000000000002 12.500000000000002 28.500000000000004 342.50000000000006 12.500000000000002 10.871052000000001 130.50000000000003 25.121130000000029 0.42302894303183541
decision_type=2 2 2 2 2 2 2 2 2 2 2 2 2 2 2 2 2 2 2 2 2 2 2 2 2 2 2 2 2 2
left_child=2 6 3 15 8 12 7 25 9 10 -3 14 19 22 24 16 -1 -10 20 -6 -8 -9 -4 -24 29 26 -2 -27 -18 -5
right_child=1 4 13 11 5 -7 18 21 17 -11 -12 -13 -14 -15 -16 -17 28 -19 -20 -21 -22 -23 23 -25 -26 27 -28 -29 -30 -31
leaf_value=-0.16112142518742034 0.025441146680846384 0.14033309159989948 -0.04064165135721963 -0.10706463171051867 0.25444735609368346 0.033814344155015767 0.15149857785048684 -0.0040154042791333781 0.042293134441440422 0.81692648053169248 0.27985749102457691 0.054708618570284862 0.20227859449252589 0.079573761503552165 -0.036238818431523032 -0.0063595948691661216 -0.10872747851793646 0.16616973560337195 0.053148726535535054 0.39526280251262574 0.31471888502718698 0.071222777695857942 -0.10756356261322059 0.032932242373973276 0.069317157032172672 0.12006817743462178 0.15796920060644329 0.26022536134450797 -0.031936488104923028 -0.05854525148714157
leaf_weight=1344 542 441 1300 2247 217 108 473 841 258 20 555 327 221 630 3088 303 4761 1380 223 499 142 1260 163 1681 123 622 319 180 457 1900
leaf_count=1344 542 441 1300 2247 217 108 473 841 258 20 555 327 221 630 3088 303 4761 1380 223 499 142 1260 163 1681 123 622 319 180 457 1900
internal_value=0.000824449 0.141531 -0.0629173 -0.0816509 0.209402 0.287853 0.0869772 0.0722816 0.178513 0.229868 0.21808 -0.0569031 0.317134 0.00930672 -0.0618632 -0.109355 -0.114111 0.146658 0.152985 0.352585 0.189185 0.041106 -0.00477351 0.0205131 -0.0803944 0.111668 0.0745427 0.151525 -0.102002 -0.0848349
internal_weight=26625 8301 18324 14550 3699 1045 4602 3764 2654 1016 996 7685 937 3774 7358 6865 6562 1638 838 716 615 2101 3144 1844 4270 1663 861 802 5218 4147
internal_count=26625 8301 18324 14550 3699 1045 4602 3764 2654 1016 996 7685 937 3774 7358 6865 6562 1638 838 716 615 2101 3144 1844 4270 1663 861 802 5218 4147
is_linear=0
shrinkage=0.1


Tree=5
num_leaves=31
num_cat=0
split_feature=9 9 11 9 4 7 11 7 5 2 4 4 7 3 5 7 4 2 7 3 7 3 7 12 7 7 10 11 4 11
split_gain=19475.4 3232.53 1333.27 813.64 673.409 563.164 587.257 557.71 457.201 457.392 441.265 403.346 380.768 361.661 352.619 518.725 556.33 341.695 326.188 301.065 295.221 285.224 280.605 340.655 253.253 555.094 254.489 254.442 250.181 247.965
threshold=6.048907250000001 8.3015655000000006 4.0343984591666677 10.538734500000002 -9.2794449999999724 315.50000000000006 6.6233573541666688 304.00000000000006 11.500000000000002 10.553821500000002 -8.3325449999999748 23.669910000000026 308.50000000000006 0.26798014928316444 12.500000000000002 166.50000000000003 25.986560000000008 6.2667558000000012 349.50000000000006 0.16031595994211398 350.50000000000006 0.42003818405547533 269.50000000000006 1.9400189592896595 189.50000000000003 197.50000000000003 4.7346458500000006 7.8295093812500003 -4.1194599999999983 2.0356743937500004
decision_type=2 2 2 2 2 2 2 2 2 2 2 2 2 2 2 2 2 2 2 2 2 2 2 2 2 2 2 2 2 2
left_child=2 7 10 14 -5 6 -4 8 9 -2 12 20 -1 19 21 16 28 -7 -14 -6 29 -3 23 -17 26 -26 -10 -28 -16 -12
right_child=1 3 5 4 13 17 -8 -9 24 -11 11 -13 18 -15 15 22 -18 -19 -20 -21 -22 -23 -24 -25 25 -27 27 -29 -30 -31
leaf_value=-0.050733800448015398 -0.01808840642537279 0.10369664645473851 -0.057448615160264685 0.039246355138267533 0.22148189150166475 -0.042408918368721286 0.032046461902556236 0.13125475366796566 0.17548608849575931 0.076379631621504157 -0.16667545210016338 -0.038002515275996428 0.5059188204152244 0.17134972254859623 0.10953402870135116 0.11209410196852049 0.74456769072491191 0.076797586408984847 0.060899208150804046 0.35531954975920899 0.0023709574098750761 0.28496970130551247 0.20214271922716326 -0.24611814103222321 -0.15425928467371333 0.068097735368689974 0.047238503022143052 0.15609559783645507 0.27804280247620466 -0.10516062677204577
leaf_weight=123 1420 1302 7227 132 247 392 816 999 387 802 740 932 28 237 112 512 23 622 40 526 233 93 425 28 127 968 709 308 413 5724
leaf_count=123 1420 1302 7227 132 247 392 816 999 387 802 740 932 28 237 112 512 23 622 40 526 233 93 425 28 127 968 709 308 413 5724
internal_value=-0.000586205 0.111776 -0.065632 0.180135 0.251659 -0.039515 -0.0483689 0.063375 0.0490111 0.0160085 -0.0958803 -0.0996389 0.0542484 0.27942 0.152047 0.185483 0.263183 0.0307138 0.244143 0.312554 -0.108217 0.115782 0.141359 0.0935201 0.0783555 0.0423084 0.106469 0.080206 0.242094 -0.112203
internal_weight=26647 9770 16877 4050 1142 9057 8043 5720 4721 2222 7820 7629 191 1010 2908 1513 548 1014 68 773 6697 1395 965 540 2499 1095 1404 1017 525 6464
internal_count=26647 9770 16877 4050 1142 9057 8043 5720 4721 2222 7820 7629 191 1010 2908 1513 548 1014 68 773 6697 1395 965 540 2499 1095 1404 1017 525 6464
is_linear=0
shrinkage=0.1


Tree=6
num_leaves=31
num_cat=0
split_feature=9 9 11 9 7 2 6 7 7 11 4 10 3 6 11 3 3 4 11 10 7 4 7 7 7 7 6 3 4 7
split_gain=15775.1 2618.35 1098.79 659.049 568.448 537.03 451.745 347.358 339.441 353.135 465.181 433.831 309.062 280.974 295.984 279.569 295.176 277.171 264.646 260.934 257.528 653.762 354.426 336.539 299.139 233.749 377.856 442.89 230.011 221.883
threshold=6.048907250000001 8.3015655000000006 5.2675508791666674 10.538734500000002 352.50000000000006 3.9384516500000006 10.500000000000002 343.50000000000006 152.50000000000003 6.9301362270833335 6.9400400000000442 4.7346458500000006 0.38380784120762962 10.500000000000002 6.8202571854166676 0.26798014928316444 0.16031595994211398 13.275270000000013 5.8642125291666671 6.5707071500000014 166.50000000000003 26.123600000000017 199.50000000000003 76.500000000000014 70.500000000000014 166.50000000000003 5.5000000000000009 0.083034137445191544 29.457890000000027 355.50000000000006
decision_type=2 2 2 2 2 2 2 2 2 2 2 2 2 2 2 2 2 2 2 2 2 2 2 2 2 2 2 2 2 2
left_child=2 6 5 20 15 17 8 -7 9 11 12 18 -11 14 -4 16 -5 29 -2 -15 21 23 -22 24 -3 26 -19 -28 -10 -1
right_child=1 3 13 4 -6 7 -8 -9 28 10 -12 -13 -14 19 -16 -17 -18 25 -20 -21 22 -23 -24 -25 -26 -27 27 -29 -30 -31
leaf_value=-0.12578119193912546 0.064886963781028914 0.13281415208609004 -0.038883942366358566 0.19236316758471561 0.014629340590092174 -0.06152402759443585 0.11812927880455026 0.044201537345654268 0.014218986166521924 0.0071890412214792006 0.22312044983728199 -0.010949324725661428 0.171167955763845 0.11988623233022462 0.036605794547551966 0.15445445159418603 0.32174540419998343 -0.073736172176497972 0.21620980214066568 -0.013915428624222778 0.011890776075542 0.7410495248436928 0.13283830449001252 0.21594301388740425 -0.10476858265697958 -0.090636864977295103 0.24542796751111748 -0.086824839311971602 0.17193287595097598 -0.0049493264337504136
leaf_weight=2710 438 454 2411 265 114 8197 999 323 2516 318 306 710 180 292 662 236 527 317 157 291 289 20 1499 586 60 1346 100 67 96 161
leaf_count=2710 438 454 2411 265 114 8197 999 323 2516 318 306 710 180 292 662 236 527 317 157 291 289 20 1499 586 60 1346 100 67 96 161
internal_value=-0.000527584 0.100598 -0.0590688 0.162121 0.226493 -0.0724866 0.0570375 -0.0575159 0.04411 0.073951 0.126084 0.0418325 0.0664585 -0.0105467 -0.0226216 0.249988 0.278455 -0.0996192 0.104816 0.0531002 0.136842 0.174442 0.113289 0.16414 0.105081 -0.0692055 -0.00960503 0.112129 0.0200155 -0.119005
internal_weight=26647 9770 16877 4050 1142 13221 5720 8520 4721 2109 804 1305 498 3656 3073 1028 792 4701 595 583 2908 1120 1788 1100 514 1830 484 167 2612 2871
internal_count=26647 9770 16877 4050 1142 13221 5720 8520 4721 2109 804 1305 498 3656 3073 1028 792 4701 595 583 2908 1120 1788 1100 514 1830 484 167 2612 2871
is_linear=0
shrinkage=0.1


Tree=7
num_leaves=31
num_cat=0
split_feature=9 9 0 6 4 5 5 11 11 3 4 3 7 7 7 4 4 4 7 7 2 2 4 7 0 4 0 5 3 4
split_gain=12868.6 2236.96 1017.17 575.3 476.316 472.023 443.61 416.668 369.143 364.539 369.134 356.609 297.45 257.101 602.362 587.11 272.406 249.443 236.346 236.336 312.572 226.008 220.529 317.392 325.165 209.833 196.732 189.197 244.123 179.898
threshold=7.0516965000000011 4.9958160000000005 10.538734500000002 10.500000000000002 -9.2794449999999724 12.500000000000002 11.500000000000002 2.7246399958333338 8.5794235062500004 0.41223981270971094 -7.8472649999999877 0.098356423058896011 12.500000000000002 158.50000000000003 205.50000000000003 26.881720000000033 25.986560000000008 -8.8495899999999708 343.50000000000006 132.50000000000003 17.489891000000004 9.6143715000000025 18.15787000000001 166.50000000000003 8.8498965000000016 -4.5369099999999722 7.6584090000000007 13.500000000000002 0.39532042896919012 25.467200000000027
decision_type=2 2 2 2 2 2 2 2 2 2 2 2 2 2 2 2 2 2 2 2 2 2 2 2 2 2 2 2 2 2
left_child=1 5 8 6 -4 9 21 -7 13 18 -11 -8 -13 15 16 27 -15 -10 -1 -6 -21 -3 -19 -24 -25 -16 -27 28 -2 -12
right_child=2 3 4 -5 19 7 11 -9 17 10 29 12 -14 14 25 -17 -18 22 -20 20 -22 -23 23 24 -26 26 -28 -29 -30 -31
leaf_value=-0.10471955817984896 0.050093380051586936 -0.053249181185265421 0.025700125665488568 0.068001722028142336 0.30581100283456703 -0.092512716754122745 -0.044325303928236463 -0.028718016002317472 0.0095347193212780568 0.1025078968525085 -0.065072091769133797 -0.13490354292728798 0.046922524210262828 0.017186698866207908 0.16929904261144668 0.64114816302344924 -0.13517264271714935 0.17391503355589347 -0.011442513736512732 0.1716115324243703 0.36026487942127622 0.0030299975365241471 0.25717107272323442 -0.053597832868262286 0.12278735277660908 0.023224990785869842 0.10167306365576297 0.15405204374721612 0.17415473028802531 0.15443776731477366
leaf_weight=4523 668 2142 132 1155 280 1359 668 4151 140 147 2134 94 2099 419 292 21 163 1131 289 632 102 1070 102 159 305 471 995 558 208 38
leaf_count=4523 668 2142 132 1155 280 1359 668 4151 140 147 2134 94 2099 419 292 21 163 1131 289 632 102 1070 102 159 305 471 995 558 208 38
internal_value=-0.000474826 -0.0410634 0.118506 0.00330997 0.204385 -0.0664357 -0.0089935 -0.0444525 0.101032 -0.0834217 -0.0508523 0.0196435 0.0391288 0.0832197 0.0626953 0.116228 -0.0254844 0.137829 -0.0991175 0.227646 0.197828 -0.0345011 0.148413 0.097455 0.062345 0.0918879 0.0764691 0.108541 0.0795509 -0.0612317
internal_weight=26647 19869 6778 7228 1146 12641 6073 5510 5632 7131 2319 2861 2193 3795 2340 1455 582 1837 4812 1014 734 3212 1697 566 464 1758 1466 1434 876 2172
internal_count=26647 19869 6778 7228 1146 12641 6073 5510 5632 7131 2319 2861 2193 3795 2340 1455 582 1837 4812 1014 734 3212 1697 566 464 1758 1466 1434 876 2172
is_linear=0
shrinkage=0.1


Tree=8
num_leaves=31
num_cat=0
split_feature=0 9 11 9 7 0 7 12 7 7 3 12 7 7 7 7 7 2 7 4 7 7 4 11 6 7 7 10 4 7
split_gain=10495.8 1748.47 839.465 499.165 427.456 344.598 309.099 282.418 267.425 337.096 238.07 232.223 222.835 221.615 350.011 288.946 211.642 209.007 205.674 477.544 244.386 223.291 232.001 199.351 200.461 205.35 241.749 236.445 205.003 197.585
threshold=6.048907250000001 8.0422080000000005 5.2675508791666674 10.862528000000003 340.50000000000006 3.1869328000000006 300.50000000000006 2.1060672204247699 152.50000000000003 130.50000000000003 0.28887705827405269 1.6465016213927464 12.500000000000002 354.50000000000006 323.50000000000006 322.50000000000006 323.50000000000006 10.771035250000002 162.50000000000003 26.123600000000017 78.500000000000014 70.500000000000014 -5.9088299999999894 7.5485080479166689 10.500000000000002 234.50000000000003 227.50000000000003 6.5707071500000014 24.992075000000007 199.50000000000003
decision_type=2 2 2 2 2 2 2 2 2 2 2 2 2 2 2 2 2 2 2 2 2 2 2 2 2 2 2 2 2 2
left_child=2 6 5 13 10 7 8 -1 9 17 -5 -10 -4 14 15 18 -7 -2 19 20 21 22 -3 24 25 26 -14 28 -28 -20
right_child=1 3 12 4 -6 16 -8 -9 11 -11 -12 -13 23 -15 -16 -17 -18 -19 29 -21 -22 -23 -24 -25 -26 -27 27 -29 -30 -31
leaf_value=-0.085064867134420269 0.016107244044602013 0.036502535172096055 -0.15960489126743491 0.24249843087517098 0.022794102087209469 -0.053013386246083483 0.093603547753668415 0.07922839176989048 -0.0029760023475727052 0.13559195305299637 0.090294760310144967 0.099415755009672035 -0.013669411607201452 -0.032022795016121756 0.21180976366269447 -0.16256817117333414 0.0013231501552249303 0.10719786427024391 0.022632222703195978 0.62233038753271108 0.17628264390574711 -0.031015898036956785 0.1650509321940658 0.063973980228534788 0.044085972523823819 -0.071109169789782475 0.20046427089434404 0.35333651714026931 -0.21961647527558462 0.10314059551296964
leaf_weight=4722 1170 227 93 682 128 7463 962 107 2073 437 121 248 2009 106 336 40 793 321 389 20 616 125 368 398 551 650 26 36 21 1409
leaf_count=4722 1170 227 93 682 128 7463 962 107 2073 437 121 248 2009 106 336 40 793 321 389 20 616 125 368 398 551 650 26 36 21 1409
internal_value=-0.000427343 0.0820059 -0.0482092 0.127176 0.19251 -0.0602055 0.0424184 -0.0814245 0.0308297 0.0583556 0.219564 0.00796461 -0.00672643 0.110447 0.114725 0.104512 -0.0477943 0.0357183 0.107899 0.137304 0.130043 0.0904831 0.116008 -0.00287444 -0.0109539 -0.0220141 -0.00675985 0.160485 0.0127686 0.0857225
internal_weight=26647 9778 16869 4567 931 13085 5211 4829 4249 1928 803 2321 3784 3636 3530 3194 8256 1491 3154 1356 1336 720 595 3691 3293 2742 2092 83 47 1798
internal_count=26647 9778 16869 4567 931 13085 5211 4829 4249 1928 803 2321 3784 3636 3530 3194 8256 1491 3154 1356 1336 720 595 3691 3293 2742 2092 83 47 1798
is_linear=0
shrinkage=0.1


Tree=9
num_leaves=31
num_cat=0
split_feature=0 0 0 5 10 7 5 4 5 4 5 7 4 3 4 7 7 4 7 3 4 3 2 3 3 6 2 3 7 6
split_gain=8579.61 1509.54 668.608 426.806 421.349 397.369 382.251 335.98 330.466 323.39 317.819 281.449 374.389 274.744 279.975 272.245 250.17 277.708 247.951 237.989 303.051 225.798 219.636 209.004 226.006 207.53 249.111 203.525 213.816 202.846
threshold=7.0519053500000011 5.1822305000000011 10.538734500000002 12.500000000000002 5.3086770000000012 342.50000000000006 12.500000000000002 -9.2794449999999724 19.500000000000004 18.024115000000002 11.500000000000002 158.50000000000003 26.881720000000033 0.41223981270971094 -7.8472649999999877 226.50000000000003 199.50000000000003 25.467200000000027 203.50000000000003 0.098356423058896011 -1.61974499999999 0.41519495589017658 11.985327500000002 0.22720391893794936 0.15919435359071313 2.5000000000000004 6.6974995000000002 -0.076439663125071125 64.500000000000014 10.500000000000002
decision_type=2 2 2 2 2 2 2 2 2 2 2 2 2 2 2 2 2 2 2 2 2 2 2 2 2 2 2 2 2 2
left_child=1 3 6 13 -5 10 9 -4 11 22 21 12 -8 -1 -15 -11 17 -13 -18 -12 -21 -3 -2 24 -9 26 -6 -27 -29 -24
right_child=2 5 7 4 25 -7 8 23 -10 15 19 16 -14 14 -16 -17 18 -19 -20 20 -22 -23 29 -25 -26 27 -28 28 -30 -31
leaf_value=-0.081935522515333481 0.047465116857177504 -0.047365506488612361 0.016304799671651739 -0.052273155720485777 -0.12769265377948094 0.097057310431501828 0.16362794390841776 0.13858273265423712 0.049807065906382036 -0.047348885741498738 -0.033648858532113461 0.14404633053525323 0.57306655489880109 0.087234694541644175 -0.050151485305294577 0.11104309936542507 0.33920181667804722 -0.067633094635157862 0.11105171900565527 -0.039232375433065875 0.056057323315560431 0.0066626200539102029 0.080196518100852224 0.12282904694274047 0.26087580297208335 0.15569371736862445 0.073374924256521118 0.26846030066090248 0.003421241381684446 0.18219222039302474
leaf_weight=4984 1294 1670 132 3808 224 451 770 231 716 450 570 100 23 158 2424 143 50 163 1007 408 1834 1441 637 346 437 99 85 31 1680 281
leaf_count=4984 1294 1670 132 3808 224 451 770 231 716 450 570 100 23 158 2424 143 50 163 1007 408 1834 1441 637 346 437 99 85 31 1680 281
internal_value=-0.000384609 -0.0335327 0.0967471 -0.0524783 -0.0323838 0.00657291 0.0825841 0.166376 0.108521 0.0564254 -0.000316915 0.128416 0.175503 -0.0682198 -0.0417444 -0.00915318 0.100128 0.0128534 0.121844 0.0240478 0.0387165 -0.0223399 0.0740059 0.185911 0.218586 0.00335882 -0.0723828 0.0162893 0.00822323 0.111417
internal_weight=26647 19867 6780 13493 5927 6374 5634 1146 2829 2805 5923 2113 793 7566 2582 593 1320 263 1057 2812 2242 3111 2212 1014 668 2119 309 1810 1711 918
internal_count=26647 19867 6780 13493 5927 6374 5634 1146 2829 2805 5923 2113 793 7566 2582 593 1320 263 1057 2812 2242 3111 2212 1014 668 2119 309 1810 1711 918
is_linear=0
shrinkage=0.1


Tree=10
num_leaves=31
num_cat=0
split_feature=9 0 9 5 6 10 7 9 4 5 7 7 7 7 7 7 7 11 7 6 7 7 11 11 7 7 7 0 7 7
split_gain=7065.8 1178.18 662.004 391.932 344.991 332.522 287.676 269.691 255.307 232.921 306.21 263.784 215.905 198.875 318.129 529.586 305.047 242.992 223.467 197.946 195.101 315.242 248.807 193.218 182.992 243.251 193.861 195.672 181.266 365.553
threshold=7.0516965000000011 5.1053547500000009 9.6848690000000008 12.500000000000002 10.500000000000002 6.6010792500000006 352.50000000000006 11.669143000000002 30.670580000000008 3.5000000000000004 323.50000000000006 314.50000000000006 12.500000000000002 158.50000000000003 76.500000000000014 70.500000000000014 226.50000000000003 6.8202571854166676 237.50000000000003 2.5000000000000004 76.500000000000014 152.50000000000003 6.6595988333333347 1.9801679187500001 234.50000000000003 199.50000000000003 296.50000000000006 3.2494064000000003 353.50000000000006 341.50000000000006
decision_type=2 2 2 2 2 2 2 2 2 2 2 2 2 2 2 2 2 2 2 2 2 2 2 2 2 2 2 2 2 2
left_child=1 3 13 9 8 12 7 -4 20 23 11 -11 -5 14 15 -2 -15 -16 -18 -7 22 -22 -3 -1 25 -21 -26 -28 29 -20
right_child=2 4 6 5 -6 19 -8 -9 -10 10 -12 -13 -14 16 17 -17 18 -19 28 24 21 -23 -24 -25 26 -27 27 -29 -30 -31
leaf_value=-0.16672686946112664 0.077774554344288371 -0.060866718430416349 0.12492201130139202 -0.14405162103753041 0.056075343858829001 -0.083764025349975443 -0.00069186127894408224 0.21325791665807337 0.23172905244761044 -0.080581197584439046 -0.0059412743160882275 -0.24337049135390451 -0.03441428308994543 0.0035454135598938573 0.057506546987270993 -0.16498507986048072 0.22894001125684801 0.16610275595927967 0.05853958747318827 0.054828704173300186 0.042753133062427458 -0.015267630944516067 0.051502190639924575 -0.032482919898895228 -0.083765339575863129 0.27024580365267853 0.24433850420384925 0.0027846700188221664 -0.02931466889336129 0.19372534522030294
leaf_weight=112 815 1101 1418 187 1080 148 143 457 45 4127 562 102 4549 909 296 101 88 678 1581 470 1362 2997 240 2510 189 59 44 141 181 229
leaf_count=112 815 1101 1418 187 1080 148 143 457 45 4127 562 102 4549 909 296 101 88 678 1581 470 1362 2997 240 2510 189 59 44 141 181 229
internal_value=0.000552031 -0.029512 0.0878537 -0.0469535 0.00422097 -0.0274511 0.136025 0.146452 -0.00552711 -0.0621782 -0.0752915 -0.0845075 -0.0387433 0.0679254 0.0933134 0.0510074 0.0518667 0.1331 0.0729942 0.0234337 -0.00740018 0.00286136 -0.040756 -0.0382172 0.0410032 0.0788544 -0.0125351 0.0602353 0.0661016 0.0756432
internal_weight=26921 20025 6896 13200 6825 5787 2018 1875 5745 7413 4791 4229 4736 4878 1890 916 2988 974 2079 1051 5700 4359 1341 2622 903 529 374 185 1991 1810
internal_count=26921 20025 6896 13200 6825 5787 2018 1875 5745 7413 4791 4229 4736 4878 1890 916 2988 974 2079 1051 5700 4359 1341 2622 903 529 374 185 1991 1810
is_linear=0
shrinkage=0.1


Tree=11
num_leaves=31
num_cat=0
split_feature=0 0 5 11 4 4 7 0 10 7 5 3 11 7 7 7 5 5 2 4 3 11 3 2 7 4 4 10 7 12
split_gain=5695.88 1110.95 469.518 455.522 283.345 280.182 244.314 273.78 233.799 230.178 262.053 321.384 224.053 220.426 209.416 328.928 185.665 177.633 226.564 278.539 193.292 186.835 206.975 176.585 174.191 256.446 244.961 173.053 167.409 191.388
threshold=6.0176371500000005 8.5297860000000032 10.500000000000002 3.911464679166667 25.986560000000008 -11.338754999999983 354.50000000000006 11.428591750000001 5.3876757000000008 300.50000000000006 10.500000000000002 0.35296246941053361 6.9301362270833335 24.500000000000004 16.500000000000004 12.500000000000002 21.500000000000004 10.500000000000002 5.4175243000000011 20.687150000000038 -0.04072222873324257 5.5099215812500013 0.093006700011442053 8.5619555000000016 166.50000000000003 -3.5661599999999631 25.986560000000008 5.3876757000000008 346.50000000000006 1.8524503843015172
decision_type=2 2 2 2 2 2 2 2 2 2 2 2 2 2 2 2 2 2 2 2 2 2 2 2 2 2 2 2 2 2
left_child=3 9 -3 4 5 -1 7 16 -6 10 11 -2 -13 14 15 -5 24 18 -15 -20 -19 -22 -23 -11 26 -26 -4 -12 29 -7
right_child=1 2 6 13 8 28 -8 -9 -10 23 27 12 -14 17 -16 -17 -18 20 19 -21 21 22 -24 -25 25 -27 -28 -29 -30 -31
leaf_value=0.21155805548554973 -0.043122006315146677 0.0528439461498596 0.15668779492852347 -0.10426943648790619 0.0023650957739506013 -0.066294144918989592 -0.018621995555305925 0.2109396792497833 0.26870863169638648 -0.015590681716067985 0.075385985268531186 0.0019548458122773623 0.093287950899768768 -0.072050370408520636 -0.16799527165052053 0.081631896521771691 0.018040196005561639 0.11549608086732994 -0.0054995276271487996 -0.081209803024828289 -0.023174323447943429 -0.047941060914688381 0.036463611982180739 0.091667640238480022 0.26583054915484455 0.089632683478212405 0.48168391448756059 0.026271812468211437 0.0089309307246855131 0.087469833619074858
leaf_weight=38 986 1228 689 277 390 6309 108 397 36 182 1137 758 416 1045 185 145 164 133 2777 589 2731 368 1380 980 90 1005 24 1944 328 82
leaf_count=38 986 1228 689 277 390 6309 108 397 36 182 1137 758 416 1045 185 145 164 133 2777 589 2731 368 1380 980 90 1005 24 1944 328 82
internal_value=0.000496828 0.05982 0.103403 -0.0351684 -0.054227 -0.059214 0.128468 0.135173 0.024873 0.0346016 0.025674 -0.00103182 0.0343182 -0.0209526 -0.0792836 -0.0403934 0.11992 -0.0170285 -0.0313755 -0.0187477 -0.00330673 -0.00683447 0.0186942 0.0748681 0.129161 0.104115 0.167627 0.0443967 -0.0607453 -0.0643213
internal_weight=26921 10108 3705 16813 7183 6757 2477 2369 426 6403 5241 2160 1174 9630 607 422 1972 9023 4411 3366 4612 4479 1748 1162 1808 1095 713 3081 6719 6391
internal_count=26921 10108 3705 16813 7183 6757 2477 2369 426 6403 5241 2160 1174 9630 607 422 1972 9023 4411 3366 4612 4479 1748 1162 1808 1095 713 3081 6719 6391
is_linear=0
shrinkage=0.1


Tree=12
num_leaves=31
num_cat=0
split_feature=9 0 0 11 5 4 6 5 5 5 3 4 6 10 3 4 3 6 6 3 4 11 10 12 5 11 5 5 2 5
split_gain=4701.93 788.944 461.453 304.877 309.507 293.753 238.686 235.05 204.845 261.126 231.888 201.111 196.13 182.293 181.654 179.739 175.175 191.099 191.835 173.51 171.51 159.731 155.281 150.201 143.424 142.492 255.999 157.866 155.92 138.209
threshold=7.0516965000000011 5.4136810500000001 10.538734500000002 2.5359298000000003 12.500000000000002 30.670580000000008 10.500000000000002 2.5000000000000004 12.500000000000002 20.500000000000004 0.39532042896919012 -9.2794449999999724 10.500000000000002 6.8613780000000011 0.23235830772364571 25.986560000000008 0.11094880757991372 6.5000000000000009 2.5000000000000004 0.15329927836630458 -4.429024999999962 4.1763330833333336 5.7422486000000008 2.3673054350551044 9.5000000000000018 4.1763330833333336 19.500000000000004 14.500000000000002 5.1774590000000007 10.500000000000002
decision_type=2 2 2 2 2 2 2 2 2 2 2 2 2 2 2 2 2 2 2 2 2 2 2 2 2 2 2 2 2 2
left_child=1 3 8 -1 7 6 23 15 10 16 12 -4 -2 -6 19 -5 -10 18 -18 -13 22 -22 -9 29 -21 26 -15 -27 -29 -3
right_child=2 5 11 4 13 -7 -8 20 9 -11 -12 14 -14 25 -16 -17 17 -19 -20 24 21 -23 -24 -25 -26 27 -28 28 -30 -31
leaf_value=-0.070732109206967361 0.011532596720387398 -0.022508645179414352 0.0061785842190269667 -0.018085423044126952 -0.021421916046539535 0.29674188571316856 0.053676904212878164 0.0017265094526989673 -0.04149334317350642 0.015090001173568577 0.092829584785717068 0.08204981664322919 0.094771067504327566 0.32144958717282868 0.084159559166814765 0.22467546767795518 0.063450400681783828 0.072513275211630784 0.15850374802113415 0.039365041255950931 -0.083055412524741704 -0.04383301732476122 -0.10670264417821039 0.17488874453813474 0.21731624949448541 0.13781013611393672 -0.10971635502009165 -0.061081201729710266 0.02918507350569375 0.01220756059268531
leaf_weight=2192 1797 2247 119 1887 4174 35 886 780 94 534 651 161 336 40 345 31 302 1311 715 50 2132 2024 159 47 481 96 21 269 663 2342
leaf_count=2192 1797 2247 119 1887 4174 35 886 780 94 534 651 161 336 40 345 31 302 1311 715 50 2132 2024 159 47 481 96 21 269 663 2342
internal_value=0.000447145 -0.0240776 0.0716635 -0.036379 -0.0302449 0.00794973 0.00611928 -0.0440002 0.0600547 0.078388 0.0405888 0.129306 0.0246447 -0.0119157 0.143435 -0.0141618 0.0923438 0.0977479 0.130277 0.172988 -0.0552328 -0.0639538 -0.0166337 -0.0029696 0.20056 0.0245203 0.173015 0.0157088 0.00313182 -0.0047912
internal_weight=26921 20025 6896 14468 12276 5557 5522 7013 5740 2956 2784 1156 2133 5263 1037 1918 2422 2328 1017 692 5095 4156 939 4636 531 1089 61 1028 932 4589
internal_count=26921 20025 6896 14468 12276 5557 5522 7013 5740 2956 2784 1156 2133 5263 1037 1918 2422 2328 1017 692 5095 4156 939 4636 531 1089 61 1028 932 4589
is_linear=0
shrinkage=0.1


Tree=13
num_leaves=31
num_cat=0
split_feature=9 0 9 5 7 6 7 7 7 4 4 4 10 12 7 7 5 12 10 4 7 7 7 7 7 5 4 12 4 6
split_gain=3808.56 642.248 379.314 235.23 227.964 213.667 226.412 256.388 385.556 217.382 197.468 188.859 207.718 250.545 190.517 185.788 188.322 179.096 187.862 177.741 213.343 169.574 169.304 205.747 166.934 324.204 268.691 179.905 165.279 170.621
threshold=7.0516965000000011 4.9757485000000008 9.6848690000000008 12.500000000000002 76.500000000000014 2.5000000000000004 213.50000000000003 199.50000000000003 205.50000000000003 26.881720000000033 5.6865750000000386 -9.2794449999999724 4.6184308000000014 2.1646755141146627 228.50000000000003 60.500000000000007 13.500000000000002 1.7750564915381866 3.1869328000000006 -4.9714299999999643 152.50000000000003 84.500000000000014 221.50000000000003 234.50000000000003 138.50000000000003 9.5000000000000018 15.780675000000009 0.55464423580877897 -7.8472649999999877 10.500000000000002
decision_type=2 2 2 2 2 2 2 2 2 2 2 2 2 2 2 2 2 2 2 2 2 2 2 2 2 2 2 2 2 2
left_child=1 3 -2 28 10 -5 7 -7 -9 -10 15 -4 -13 -14 -15 -3 -17 18 21 -20 24 -6 -8 -24 27 -26 -27 -21 29 -1
right_child=2 4 11 5 17 6 22 8 9 -11 -12 12 13 14 -16 16 -18 -19 19 20 -22 -23 23 -25 25 26 -28 -29 -30 -31
leaf_value=-0.025465326283729689 0.049412333593761112 -0.034671221346547591 0.0010569143053844054 -0.059160708039906799 0.20851364068758604 0.0045253283962201803 -0.12346012199851307 0.3859971294138167 0.25290343802550747 -0.079655997565046696 -0.12935807939086641 -0.035305965574075199 0.11063630158315517 0.1709264013152092 0.5203922944573256 0.020737758467471647 0.27448368019571434 0.072826699477747822 0.083796419371976502 -0.038153542783082944 -0.0056863998561901344 -0.051603000868822073 0.071763195111142361 -0.033877855576946489 0.0067857125398229096 0.4855459251574108 0.14558461424996602 0.055742695059808389 -0.051084084909869869 0.12651120512388075
leaf_weight=255 4878 1092 173 1111 26 1961 185 45 29 61 189 93 1687 39 26 127 38 424 326 328 3332 695 204 1915 171 28 137 540 6702 104
leaf_count=255 4878 1092 173 1111 26 1961 185 45 29 61 189 93 1687 39 26 127 38 424 326 328 3332 695 204 1915 171 28 137 540 6702 104
internal_value=0.000402431 -0.0216698 0.0644972 -0.0354587 0.00158972 -0.0199755 -0.0100812 0.0137019 0.147 0.027502 -0.0340564 0.100961 0.110329 0.118059 0.310713 -0.019727 0.0791762 0.0101704 0.00541201 0.0124759 0.00735016 -0.0422229 -0.0317172 -0.0237076 0.0434281 0.103276 0.203275 0.0202612 -0.0475431 0.0185613
internal_weight=26921 20025 6896 12572 7453 5511 4400 2096 135 90 1446 2018 1845 1752 65 1257 165 6007 5583 4862 4536 721 2304 2119 1204 336 165 868 7061 359
internal_count=26921 20025 6896 12572 7453 5511 4400 2096 135 90 1446 2018 1845 1752 65 1257 165 6007 5583 4862 4536 721 2304 2119 1204 336 165 868 7061 359
is_linear=0
shrinkage=0.1


Tree=14
num_leaves=31
num_cat=0
split_feature=9 0 7 0 4 5 4 5 11 3 10 7 4 9 4 7 4 7 7 7 7 5 4 4 7 10 7 7 7 4
split_gain=3102.17 659.265 281.885 261.081 197.201 191.626 230.947 214.918 211.779 194.005 179.32 176.382 193.949 181.547 166.83 243.683 434.102 275.782 210.132 191.683 235.604 172.892 198.61 175.561 431.542 188.173 180.083 174.688 167.722 166.61
threshold=7.4239115500000006 5.7422486000000008 38.500000000000007 10.694355500000002 29.97101500000003 11.500000000000002 -6.5291999999999693 2.5000000000000004 4.1975652250000008 0.46586678693118366 3.5432909500000007 340.50000000000006 7.497315000000019 13.810527000000002 18.309680000000021 158.50000000000003 26.695180000000029 164.50000000000003 353.50000000000006 323.50000000000006 321.50000000000006 9.5000000000000018 20.01193500000003 25.986560000000008 199.50000000000003 8.8337210000000024 203.50000000000003 226.50000000000003 205.50000000000003 17.068430000000014
decision_type=2 2 2 2 2 2 2 2 2 2 2 2 2 2 2 2 2 2 2 2 2 2 2 2 2 2 2 2 2 2
left_child=1 2 -1 14 -3 6 9 -8 -9 -4 -7 12 -5 -14 18 16 -16 -17 19 20 29 27 -23 -24 25 -25 -26 -19 -28 -2
right_child=3 4 5 11 -6 10 7 8 -10 -11 -12 -13 13 -15 15 17 -18 21 -20 -21 -22 22 23 24 26 -27 28 -29 -30 -31
leaf_value=-0.062146472076647807 0.060735062019847866 0.01117958537470716 -0.0079072808182487891 0.17451266986595015 0.20507484599947931 -0.035758172568384421 -0.010478817993744775 -0.06926552037007272 -0.027375756684962178 0.1368160365399585 0.00078781772977317029 -0.00041052240878343584 0.054083155855819909 0.20869996138167399 0.070777226990299008 -0.25586588790542203 0.48541885954993114 -0.11554693141552204 -0.04455166592803083 0.1311779705177438 -0.16487541812989448 -0.10942552679040458 0.080957242836627891 -0.17334810083182595 0.23164436118816265 0.041084200012144349 -0.16883870903402567 0.09344356004500165 0.092669854226211712 0.1869493824557974
leaf_weight=2103 2584 5088 300 417 53 1919 1956 2590 2260 134 4470 130 414 93 257 38 28 163 162 470 45 89 595 139 67 58 32 53 105 109
leaf_count=2103 2584 5088 300 417 53 1919 1956 2590 2260 134 4470 130 414 93 257 38 28 163 162 470 45 89 595 139 67 58 32 53 105 109
internal_value=0.000362188 -0.0179104 -0.0280698 0.063425 0.0131785 -0.0228117 -0.0339506 -0.0384607 -0.0497458 0.0367769 -0.0101891 0.108651 0.123995 0.0824448 0.05388 0.027551 0.111514 0.00967984 0.0665679 0.0721793 0.0620517 0.017436 0.0337012 0.0464907 -0.00465046 -0.110216 0.0972925 -0.0642669 0.0315876 0.0658436
internal_weight=26921 20873 15732 6048 5141 13629 7240 6806 4850 434 6389 1054 924 507 4994 1624 285 1339 3370 3208 2738 1301 1085 996 401 197 204 216 137 2693
internal_count=26921 20873 15732 6048 5141 13629 7240 6806 4850 434 6389 1054 924 507 4994 1624 285 1339 3370 3208 2738 1301 1085 996 401 197 204 216 137 2693
is_linear=0
shrinkage=0.1


Tree=15
num_leaves=31
num_cat=0
split_feature=11 0 7 11 4 5 7 7 9 3 4 7 7 7 10 11 7 7 5 2 7 7 4 2 9 7 7 7 7 7
split_gain=2698.26 587.282 378.793 383.982 412.47 289.171 254.874 375.179 264.631 247.343 299.031 239.854 239.081 210.322 235.618 194.769 243.069 185.746 812.542 202.593 317.708 183.846 290.955 182.827 164.235 151.837 201.864 148.512 145.922 141.099
threshold=7.0559055416666672 5.6545081500000007 162.50000000000003 11.317884927083336 8.9943400000000295 12.500000000000002 278.50000000000006 353.50000000000006 13.810527000000002 0.13887570005117408 25.986560000000008 28.500000000000004 305.50000000000006 164.50000000000003 6.5314002500000008 2.6946160562500006 343.50000000000006 282.50000000000006 12.500000000000002 12.559242500000002 341.50000000000006 321.50000000000006 -4.8719399999999897 12.313974000000002 9.6005560000000028 183.50000000000003 197.50000000000003 195.50000000000003 335.50000000000006 276.50000000000006
decision_type=2 2 2 2 2 2 2 2 2 2 2 2 2 2 2 2 2 2 2 2 2 2 2 2 2 2 2 2 2 2
left_child=1 15 3 4 23 12 8 17 13 -6 24 -7 -3 -4 -15 -1 -17 18 -8 20 28 -14 -23 -2 -11 -16 27 -27 -19 -28
right_child=2 5 6 -5 9 11 7 -9 -10 10 -12 -13 21 14 25 16 -18 19 -20 -21 -22 22 -24 -25 -26 26 29 -29 -30 -31
leaf_value=-0.053037465629728477 0.024393213763478278 -0.019832985977687356 -0.3155054104328156 0.28705843132670211 0.063508661990105894 -0.093133388928925767 -0.11130750542254866 -0.03534945033568513 0.19253791246563198 0.20192967252778518 0.56187803734559572 0.047106602377561715 0.17338352272143731 0.087430318262338547 0.079072280961674513 -0.026466223178117976 0.044801178130084177 0.030732738852042103 0.52788662494615068 0.12689201371870862 0.15841760867591598 0.095678296288707221 -0.078497842835273848 0.099271472087685678 0.064621661227737742 -0.051926067432699112 0.0062904133326391973 -0.25380049933086746 -0.16082456111020985 -0.11875283946235156
leaf_weight=2744 991 2890 20 93 269 130 37 317 80 341 20 1971 104 333 194 11691 499 748 43 515 212 233 163 486 117 108 1295 55 42 97
leaf_count=2744 991 2890 20 93 269 130 37 317 80 341 20 1971 104 333 194 11691 499 748 43 515 212 233 163 486 117 108 1295 55 42 97
internal_value=-0.000918012 -0.0186851 0.0556691 0.0879828 0.0796582 0.00927922 0.03739 0.0640242 0.0140272 0.140214 0.183381 0.0384292 -0.00878689 0.00723322 0.0103335 -0.0289672 -0.0235489 0.0837496 0.232259 0.0759178 0.0497186 0.0550596 0.0239846 0.0490316 0.166853 -0.00434532 -0.0147524 -0.120043 0.0205487 -0.00242309
internal_weight=26838 20425 6413 2317 2224 5491 4096 1914 2182 747 478 2101 3390 2102 2082 14934 12190 1597 80 1517 1002 500 396 1477 458 1749 1555 163 790 1392
internal_count=26838 20425 6413 2317 2224 5491 4096 1914 2182 747 478 2101 3390 2102 2082 14934 12190 1597 80 1517 1002 500 396 1477 458 1749 1555 163 790 1392
is_linear=0
shrinkage=0.1


Tree=16
num_leaves=31
num_cat=0
split_feature=11 0 0 6 10 11 4 0 5 3 4 4 6 11 0 4 2 5 5 3 6 11 4 6 6 4 6 12 5 10
split_gain=2203.32 426.723 289.355 203.091 198.901 193.114 182.442 162.359 153.945 237.653 147.617 144.581 133.027 145.517 130.344 126.085 179.703 139.81 222.48 172.15 165.102 128.729 124.766 208.144 263.014 160.339 201.858 172.33 149.569 117.782
threshold=6.1255973083333339 7.612505500000001 4.0086925000000013 10.500000000000002 5.5463970000000016 3.6852875500000004 -7.8472649999999877 11.049787500000003 9.5000000000000018 0.42003818405547533 -4.9714299999999643 -10.548685000000001 3.5000000000000004 8.8680893166666674 6.3352461500000006 -3.5661599999999631 11.432009000000003 12.500000000000002 19.500000000000004 0.4039643239880007 6.5000000000000009 9.9761355208333349 -7.6339349999999744 10.500000000000002 11.500000000000002 11.228375000000007 7.5000000000000009 2.1060672204247699 20.500000000000004 5.2318110500000001
decision_type=2 2 2 2 2 2 2 2 2 2 2 2 2 2 2 2 2 2 2 2 2 2 2 2 2 2 2 2 2 2
left_child=2 4 22 8 -2 -5 -3 15 9 -4 -7 -6 -9 -14 -10 16 -8 19 20 21 -19 -17 23 -1 -25 -24 27 28 -27 -11
right_child=1 6 3 5 11 10 7 12 14 29 -12 -13 13 -15 -16 17 -18 18 -20 -21 -22 -23 25 24 -26 26 -28 -29 -30 -31
leaf_value=-0.026374763346511905 0.076680492325016336 -0.0051840389477151435 -0.052002116393210222 -0.065474640715930274 -0.20157690981551157 0.10223554647757188 0.017806834941974988 0.21332959721193598 -0.011418107221801279 0.011630120036675542 0.020559407087942651 0.0087051786924532502 0.27695963637282456 0.077364342265233671 0.032621302892207681 0.0035254633190944379 0.14293892337035996 0.1285129980233024 0.0054371761415885501 0.11306066138771785 0.059446461158626285 0.10577474715337701 -0.051136537885647648 0.41820011299390059 0.049109444502275439 0.0068202399391507325 -0.048053935706746362 0.13754414075171981 -0.068891701169755626 -0.040671987276860451
leaf_weight=246 459 418 2193 207 33 284 171 102 3013 1399 1002 3560 39 576 865 1216 349 562 448 201 901 137 4233 26 75 1475 1622 87 317 622
leaf_count=246 459 418 2193 207 33 284 171 102 3013 1399 1002 3560 39 576 865 1216 349 562 448 201 901 137 4233 26 75 1475 1622 87 317 622
internal_value=-0.000826211 0.0389387 -0.0214718 -0.00972053 0.0146927 0.0241676 0.0581272 0.0637555 -0.015973 -0.0292046 0.0385968 0.00677384 0.107563 0.0900216 -0.00159498 0.0558734 0.10179 0.0489826 0.0670965 0.0267074 0.0859778 0.0138789 -0.0354101 0.0232514 0.144123 -0.038042 -0.0222096 9.98004e-05 -0.006573 -0.00446682
internal_weight=26838 9172 17666 9585 4052 1493 5120 4702 8092 4214 1286 3593 717 615 3878 3985 520 3465 1911 1554 1463 1353 8081 347 101 7734 3501 1879 1792 2021
internal_count=26838 9172 17666 9585 4052 1493 5120 4702 8092 4214 1286 3593 717 615 3878 3985 520 3465 1911 1554 1463 1353 8081 347 101 7734 3501 1879 1792 2021
is_linear=0
shrinkage=0.1


Tree=17
num_leaves=31
num_cat=0
split_feature=11 0 7 4 11 4 5 7 7 9 7 3 7 7 7 10 7 11 6 7 12 11 7 12 4 12 4 7 7 4
split_gain=1814.19 384.349 294.136 312.87 244.51 225.884 213.269 204.277 281.931 204.474 193.687 188.629 174.785 221.76 166.689 184.865 159.622 175.753 149.19 148.562 709.473 169.011 135.217 133.219 127.953 126.162 122.752 117.826 244.066 132.973
threshold=7.0559055416666672 5.6878528500000014 162.50000000000003 -6.3039499999999808 11.317884927083336 27.557260000000049 12.500000000000002 278.50000000000006 353.50000000000006 13.810527000000002 28.500000000000004 0.40693366674695358 235.50000000000003 174.50000000000003 164.50000000000003 6.5314002500000008 346.50000000000006 1.8252638468750002 6.5000000000000009 282.50000000000006 1.5626111460643657 8.6442601375000017 346.50000000000006 0.42977925080521523 -4.9714299999999643 2.4654158976803031 16.163000000000018 193.50000000000003 197.50000000000003 27.111650000000004
decision_type=2 2 2 2 2 2 2 2 2 2 2 2 2 2 2 2 2 2 2 2 2 2 2 2 2 2 2 2 2 2
left_child=1 16 3 -2 5 11 12 9 19 14 -8 -5 13 23 -4 -16 17 -1 -15 20 -9 22 -21 -3 -14 -22 -26 -17 -29 -30
right_child=2 6 7 4 -6 -7 10 8 -10 -11 -12 -13 24 18 15 27 -18 -19 -20 21 25 -23 -24 -25 26 -27 -28 28 29 -31
leaf_value=-0.08002205804807315 -0.01525057970337681 -0.068714347688170779 -0.28465643107891081 0.061954131617025801 0.25516665297396041 0.41609564602375032 -0.086782512296812511 -0.10977207171779715 -0.032750453361330631 0.16554768732516095 0.04069626945840274 0.1399426271523615 0.08876444901303425 -0.22272569756164695 0.073711491845528582 0.058624998196687698 0.027595354052652406 -0.023365152648746085 -0.061864519610147307 0.012917500611741429 0.30479565441608431 0.09950059667022397 0.1169507118970059 0.0069109963190047904 -0.014759528713034374 0.65182183872569688 0.063999148930629926 -0.15219178914783463 -0.019781584280747264 0.06244964353889542
leaf_weight=570 335 285 20 1485 85 20 127 38 317 80 1937 392 231 66 333 233 587 13880 456 662 20 701 154 1275 741 22 270 124 1155 237
leaf_count=570 335 285 20 1485 85 20 127 38 317 80 1937 392 231 66 333 233 587 13880 456 662 20 701 154 1275 741 22 270 124 1155 237
internal_value=-0.00074359 -0.0153121 0.0456562 0.074131 0.0892384 0.0818035 0.00760443 0.0295488 0.0533931 0.00863304 0.0328524 0.0782416 -0.008073 -0.025784 0.00266103 0.00542104 -0.0235235 -0.0256001 -0.0822033 0.0704924 0.203308 0.0634883 0.0325512 -0.00690517 0.0216164 0.486571 0.00627395 -0.00758109 -0.0177566 -0.00578101
internal_weight=26838 20425 6413 2317 1982 1897 5388 4096 1914 2182 2064 1877 3324 2082 2102 2082 15037 14450 522 1597 80 1517 816 1560 1242 42 1011 1749 1516 1392
internal_count=26838 20425 6413 2317 1982 1897 5388 4096 1914 2182 2064 1877 3324 2082 2102 2082 15037 14450 522 1597 80 1517 816 1560 1242 42 1011 1749 1516 1392
is_linear=0
shrinkage=0.1


Tree=18
num_leaves=31
num_cat=0
split_feature=11 0 7 4 9 11 12 10 7 7 4 7 7 4 5 3 7 7 5 0 7 3 4 7 7 4 7 3 4 4
split_gain=1478.23 285.263 265.243 257.5 226.082 211.584 198.213 220.634 197.002 232.824 188.422 164.599 194.481 172.23 153.812 185.282 151.714 171.711 139.72 128.553 119.047 134.089 131.898 254.918 427.504 274.895 204.33 160.174 148.069 126.333
threshold=6.7035990750000005 4.0086925000000013 162.50000000000003 -6.1930799999999753 7.7490270000000008 11.317884927083336 2.6565792328272342 4.5042062000000014 342.50000000000006 339.50000000000006 27.557260000000049 288.50000000000006 354.50000000000006 6.2743850000000005 10.500000000000002 0.41519495589017658 323.50000000000006 324.50000000000006 21.500000000000004 13.810527000000002 10.500000000000002 0.13234359552180472 11.774660000000017 70.500000000000014 76.500000000000014 -0.13573999999999384 46.500000000000007 0.16031595994211398 3.3718300000000219 -3.2545799999999709
decision_type=2 2 2 2 2 2 2 2 2 2 2 2 2 2 2 2 2 2 2 2 2 2 2 2 2 2 2 2 2 2
left_child=1 -1 3 -2 -4 10 11 -8 9 14 20 13 -13 -6 15 16 -3 -18 19 -15 -5 -22 23 25 -25 26 29 -28 -27 -23
right_child=2 8 4 5 6 -7 7 -9 -10 -11 -12 12 -14 18 -16 -17 17 -19 -20 -21 21 22 -24 24 -26 28 27 -29 -30 -31
leaf_value=-0.029300783344116746 -0.013995806265585616 -0.037750357871547582 -0.0068736184517682528 -0.081904907904143606 -0.073568762144854957 0.22964998676441609 0.031208832065264386 0.49530008971691136 0.052764844452855134 -0.20104558067640382 0.3744860858470202 0.085885005439200579 -0.019065378863501167 0.029991089580587001 0.0063207297687554011 0.0020768141172443993 0.3376448788426139 0.014430177598618544 -0.072411636062315668 0.16873346322349139 0.018962903670646555 0.18282855437076712 0.12553806028931291 -0.18270307664592428 0.053181951610939061 0.30388878283925674 -0.16923099532309505 0.038323961100410503 0.13422171397647564 0.016577626846533699
leaf_weight=8204 380 3069 1642 53 186 85 21 20 565 62 20 929 218 1453 4896 2578 22 65 128 70 419 154 497 92 466 82 45 214 138 65
leaf_count=8204 380 3069 1642 53 186 85 21 20 565 62 20 929 218 1453 4896 2578 22 65 128 70 419 154 497 92 466 82 45 214 138 65
internal_value=-0.000669231 -0.0151187 0.0374495 0.0623333 0.0230002 0.0747818 0.0392159 0.257595 -0.00478299 -0.007824 0.0689182 0.0362154 0.065938 0.017657 -0.00669703 -0.0178123 -0.0340588 0.0961626 0.0279344 0.036368 0.0661715 0.0697848 0.0819322 0.0646773 0.0142905 0.104958 0.062383 0.00226229 0.197461 0.133485
internal_weight=26838 19461 7377 2710 4667 2330 3025 41 11257 10692 2245 2984 1147 1837 10630 5734 3156 87 1651 1523 2225 2172 1753 1256 558 698 478 259 220 219
internal_count=26838 19461 7377 2710 4667 2330 3025 41 11257 10692 2245 2984 1147 1837 10630 5734 3156 87 1651 1523 2225 2172 1753 1256 558 698 478 259 220 219
is_linear=0
shrinkage=0.1


Tree=19
num_leaves=31
num_cat=0
split_feature=0 11 5 5 4 2 12 0 7 7 12 11 7 7 7 4 2 4 2 7 7 7 10 7 7 4 6 6 12 5
split_gain=1236.72 248.018 186.933 196.758 149.004 129.638 125.971 140.418 175.916 131.171 129.746 133.59 128.196 122.837 141.064 120.525 222.868 149.242 114.463 107.926 107.224 179.262 111.662 131.256 127.155 125.616 131.906 126.548 123.036 116.218
threshold=7.0519053500000011 5.5099215812500013 12.500000000000002 19.500000000000004 30.670580000000008 10.500668500000002 2.0195722878630895 2.3920827000000005 321.50000000000006 84.500000000000014 1.3319442756897162 4.6537424437500006 324.50000000000006 318.50000000000006 315.50000000000006 20.802140000000016 2.3575259500000008 24.992075000000007 12.559242500000002 317.50000000000006 12.500000000000002 14.500000000000002 6.8250183500000015 28.500000000000004 16.500000000000004 8.2633100000000255 9.5000000000000018 4.5000000000000009 1.1641915495893826 17.500000000000004
decision_type=2 2 2 2 2 2 2 2 2 2 2 2 2 2 2 2 2 2 2 2 2 2 2 2 2 2 2 2 2 2
left_child=1 4 5 18 6 -2 7 -1 13 -8 -10 -12 15 14 -9 16 -11 -17 -4 -18 -3 -22 23 24 -23 29 27 -27 -29 -25
right_child=2 20 3 -5 -6 -7 9 8 10 12 11 -13 -14 -15 -16 17 19 -19 -20 -21 21 22 -24 25 -26 26 -28 28 -30 -31
leaf_value=-0.042490366301453746 -0.012220185593229354 -0.071614600728115207 0.055211309427063406 0.011716289990667135 0.17805734272850188 0.031556453112429876 -0.090009147838196343 -0.020676488779651822 0.02973293912451826 0.37351498659700155 -0.12752074681501835 0.14991976363318307 -0.18214307934045793 -0.12933809442015795 0.22204120485112072 -0.044102179812632994 0.041673147622331055 0.21899964518983059 0.10654848586875634 0.29369326852262023 0.20496339166293975 0.040871662767352289 -0.0079198753211068857 0.035633182357108037 -0.20472183233621172 -0.068173922186929595 -0.11631827958975918 0.016564977551416421 0.12586635875489091 0.12007255304244258
leaf_weight=2657 947 173 2079 898 38 2368 68 10427 1099 32 100 21 20 104 24 107 113 27 549 20 46 37 2545 655 49 158 80 1066 114 217
leaf_count=2657 947 173 2079 898 38 2368 68 10427 1099 32 100 21 20 104 24 107 113 27 549 20 46 37 2545 655 49 158 80 1066 114 217
internal_value=-0.000602308 -0.0131579 0.0360991 0.0521272 -0.0197084 0.0190507 -0.0202155 -0.0217253 -0.0170398 0.0360878 0.0189121 -0.0793699 0.0629674 -0.0211953 -0.0201191 0.0793628 0.136578 0.00891087 0.0659359 0.0795709 0.00577614 0.00847165 0.0066349 0.0222249 -0.0990595 0.0267797 0.00841332 0.0158711 0.0271246 0.0566462
internal_weight=26838 19997 6841 3526 14857 3315 14819 14432 11775 387 1220 121 319 10555 10451 299 165 134 2628 133 5140 4967 4921 2376 86 2290 1418 1338 1180 872
internal_count=26838 19997 6841 3526 14857 3315 14819 14432 11775 387 1220 121 319 10555 10451 299 165 134 2628 133 5140 4967 4921 2376 86 2290 1418 1338 1180 872
is_linear=0
shrinkage=0.1


Tree=20
num_leaves=31
num_cat=0
split_feature=0 7 7 12 5 3 7 4 7 7 7 7 6 11 5 7 7 0 5 7 7 7 4 12 11 7 7 7 5 5
split_gain=953.921 223.655 554.815 223.833 194.291 175.661 171.227 190.914 176.766 249.46 489.619 341.093 328.142 179.836 177.28 179.994 162.203 160.846 154.291 144.535 143.728 164.33 369.001 300.111 157.839 142.756 137.325 248.665 157.095 132.982
threshold=7.0519053500000011 60.500000000000007 62.500000000000007 1.73347608843162 12.500000000000002 0.4039643239880007 346.50000000000006 -9.2794449999999724 251.50000000000003 227.50000000000003 229.50000000000003 213.50000000000003 7.5000000000000009 4.435891175000001 9.5000000000000018 68.500000000000014 234.50000000000003 4.6433927500000012 20.500000000000004 258.50000000000006 158.50000000000003 269.50000000000006 20.01193500000003 1.6893285853690718 13.595940281250003 36.500000000000007 96.500000000000014 66.500000000000014 12.500000000000002 10.500000000000002
decision_type=2 2 2 2 2 2 2 2 2 2 2 2 2 2 2 2 2 2 2 2 2 2 2 2 2 2 2 2 2 2
left_child=1 5 17 6 -2 -1 7 -4 9 11 -11 12 14 19 -9 -16 26 -3 20 -10 25 22 -22 -23 -24 -6 27 -5 -28 -21
right_child=4 2 3 16 18 -7 -8 8 13 10 -12 -13 -14 -15 15 -17 -18 -19 -20 29 21 23 24 -25 -26 -27 28 -29 -30 -31
leaf_value=-0.049183988337194472 0.015007414966265738 0.43458379418761645 0.26850112179915109 0.29103718237443404 0.0070941596734719198 -0.0040401762365601191 0.033777587559110596 -0.023849617041532888 -0.1518036907335045 0.32353317599211423 0.021518738128844486 -0.072341107783530728 0.35645138740539556 -0.0095783417374836321 -0.097211406848603688 0.012860647835213053 -0.01463279328044864 0.15092652528486275 0.0043765732733018455 -0.067633188214282922 -0.21480815077595639 0.05878561063833531 0.019713327120870164 0.31128312473511327 0.19753494411706926 0.10403581741835007 0.039506704942828208 -0.069442731551319165 0.13750543754616823 -0.01961639081970816
leaf_weight=2378 3273 27 24 22 183 1352 818 3179 128 56 1295 849 25 2344 155 3576 476 77 641 1108 66 804 858 50 53 894 415 147 270 1203
leaf_count=2378 3273 27 24 22 183 1352 818 3179 128 56 1295 849 25 2344 155 3576 476 77 641 1108 66 804 858 50 53 894 415 147 270 1203
internal_value=0.000306104 -0.0107447 -0.00565986 -0.00714798 0.0325806 -0.0328209 -0.0106885 -0.0132974 -0.0137833 -0.00562865 0.0340375 -0.0125131 -0.00518886 -0.0293578 -0.00649725 0.00828783 0.0321438 0.224568 0.0487871 -0.0483669 0.0585764 0.0415259 0.0135169 0.0735688 0.0300586 0.0875638 0.058216 -0.0225164 0.0781339 -0.0426379
internal_weight=26746 19924 16194 16090 6822 3730 14760 13942 13918 9135 1351 7784 6935 4783 6910 3731 1330 104 3549 2439 2908 1831 977 854 911 1077 854 169 685 2311
internal_count=26746 19924 16194 16090 6822 3730 14760 13942 13918 9135 1351 7784 6935 4783 6910 3731 1330 104 3549 2439 2908 1831 977 854 911 1077 854 169 685 2311
is_linear=0
shrinkage=0.1


Tree=21
num_leaves=31
num_cat=0
split_feature=2 11 7 7 7 4 3 7 11 8 7 4 2 4 4 4 2 4 7 4 12 4 2 11 12 7 7 3 7 7
split_gain=790.933 229.327 168.985 210.668 591.087 387.769 372.515 268.913 267.291 375.846 252.514 247.148 238.768 200.861 182.961 178.682 168.547 153.028 184.799 268.657 182.487 158.646 152.807 147.351 142.524 142.197 396.582 193.85 218.937 137.409
threshold=9.2301275000000018 8.327010433333335 38.500000000000007 168.50000000000003 138.50000000000003 23.781665000000011 0.13012168301680505 162.50000000000003 4.7949594625000005 1.0000000180025095e-35 178.50000000000003 29.457890000000027 5.3034218500000003 19.533210000000004 17.868430000000053 16.626425000000019 3.0489684500000007 -7.8472649999999877 166.50000000000003 -3.5661599999999631 1.9775351029741148 24.992075000000007 17.489891000000004 3.7289607656250006 2.2250010596751824 166.50000000000003 162.50000000000003 -0.013042856413653931 142.50000000000003 132.50000000000003
decision_type=2 2 2 2 2 2 2 2 2 2 2 2 2 2 2 2 2 2 2 2 2 2 2 2 2 2 2 2 2 2
left_child=2 -2 -1 4 12 6 8 16 9 15 -5 -12 29 -10 -8 -6 -7 -3 21 -20 22 -19 -21 -13 -16 26 27 -11 -29 -4
right_child=1 17 3 10 5 7 14 -9 13 25 11 23 -14 -15 24 -17 -18 18 19 20 -22 -23 -24 -25 -26 -27 -28 28 -30 -31
leaf_value=-0.03667431536558418 0.012451871098345118 -0.015526884941563094 -0.033049684829255799 -0.076080203155662607 -0.14053491237195764 0.27363291065187451 0.084738647072099313 -0.20362022947029851 0.16882127051055432 0.46544479823881579 -0.014670505919858211 0.26063690000902051 0.007047091193947164 -0.00940355864938262 -0.029754123286572093 0.11850380080065837 -0.014132227136312448 0.085779888660384607 0.13121993352540451 0.011951774969685393 0.2465492729925447 0.36397546841984707 0.14108955985626456 0.050132426815689551 0.21666280877590183 0.053530185739509767 0.65491668796539315 0.3579577316317642 0.12205689386977983 -0.15824428559888318
leaf_weight=2276 4904 354 1862 669 37 22 338 76 100 31 9022 46 2673 172 384 95 272 859 267 1655 36 21 97 120 25 32 25 57 127 92
leaf_count=2276 4904 354 1862 669 37 22 338 76 100 31 9022 46 2673 172 384 95 272 859 267 1655 36 21 97 120 25 32 25 57 127 92
internal_value=0.000275494 0.0261532 -0.0111521 -0.00758335 0.00651334 0.055257 0.0789704 -0.0359437 0.132755 0.18435 -0.0167647 -0.0124458 -0.0123752 0.0561203 0.0302981 0.0458945 0.00740122 0.0465823 0.0540735 0.0376532 0.023681 0.0924186 0.0191015 0.108465 -0.014692 0.251542 0.277944 0.23411 0.195135 -0.0389442
internal_weight=26746 8193 18553 16277 6420 1793 1423 370 676 404 9857 9188 4627 272 747 132 294 3289 2935 2055 1788 880 1752 166 409 272 240 215 184 1954
internal_count=26746 8193 18553 16277 6420 1793 1423 370 676 404 9857 9188 4627 272 747 132 294 3289 2935 2055 1788 880 1752 166 409 272 240 215 184 1954
is_linear=0
shrinkage=0.1


Tree=22
num_leaves=31
num_cat=0
split_feature=11 12 7 7 9 12 7 7 2 4 4 4 2 3 5 5 7 3 7 7 2 7 7 7 9 11 7 7 7 4
split_gain=666.093 165.82 178.122 232.291 151.433 143.177 242.571 171.563 139.108 135.47 117.171 110.926 132.476 126.427 249.137 244.767 137.182 156.075 130.605 155.64 134.601 124.595 227.016 161.26 159.814 168.415 149.851 417.232 348.851 226.417
threshold=6.1255973083333339 0.73007568335888984 354.50000000000006 346.50000000000006 8.7769125000000017 1.6465016213927464 76.500000000000014 346.50000000000006 10.451233500000003 -7.6339349999999744 18.923345000000023 10.992600000000017 4.7557351500000005 0.14478173190565136 4.5000000000000009 9.5000000000000018 84.500000000000014 0.47661439914202358 227.50000000000003 193.50000000000003 4.0494320500000009 213.50000000000003 209.50000000000003 222.50000000000003 6.361196500000001 4.2830317875000015 138.50000000000003 168.50000000000003 189.50000000000003 23.900120000000022
decision_type=2 2 2 2 2 2 2 2 2 2 2 2 2 2 2 2 2 2 2 2 2 2 2 2 2 2 2 2 2 2
left_child=5 4 3 8 -2 7 9 11 -3 -7 -10 12 -1 15 -15 -13 17 -16 19 -18 -21 22 24 -23 25 26 -17 29 -29 -28
right_child=1 2 -4 -5 -6 6 -8 -9 10 -11 -12 13 -14 14 16 21 18 -19 -20 20 -22 23 -24 -25 -26 -27 27 28 -30 -31
leaf_value=-0.040541174865257892 -0.005747636229184807 0.018279173225926513 -0.056665844392880582 0.16660499157977926 0.034122165796181513 0.14463095074069912 0.036802680203600176 0.038565303770380595 0.068829291582968341 -0.082232759805690309 0.017929924852882036 -0.039038156334746311 -0.013924523914016319 0.01303535234528444 -0.045350966651869176 -0.0055597182002343933 -0.042884903626643267 0.26489274934414897 -0.01230136973624758 0.013128758518194611 -0.14367465779799649 -0.083598644059010435 0.3185442145381655 0.011978506915743467 0.12749173368645619 -0.012166711687165113 0.26797738905996082 -0.067210738804282216 0.13671099293294928 0.04444616067765364
leaf_weight=3065 2811 2383 204 138 1441 29 1280 599 1492 285 649 943 4796 1382 34 289 1065 31 800 66 321 218 28 928 158 757 140 205 142 67
leaf_count=3065 2811 2383 204 138 1441 29 1280 599 1492 285 649 943 4796 1382 34 289 1065 31 800 66 321 218 28 928 158 757 140 205 142 67
internal_value=0.000247944 0.0221906 0.0347967 0.0387989 0.00776421 -0.0111018 0.0174814 -0.0139434 0.0349003 -0.0612804 0.0534002 -0.0159811 -0.0243023 -0.00734459 -0.0205683 0.00527846 -0.0406115 0.102611 -0.0447454 -0.0626209 -0.116933 0.0195317 0.0360445 -0.00620284 0.0315451 0.0220703 0.0528146 0.0832662 0.0162385 0.195627
internal_weight=26746 9118 4866 4662 4252 17628 1594 16034 4524 314 2141 15435 7861 7574 3699 3875 2317 65 2252 1452 387 2932 1786 1146 1758 1600 843 554 347 207
internal_count=26746 9118 4866 4662 4252 17628 1594 16034 4524 314 2141 15435 7861 7574 3699 3875 2317 65 2252 1452 387 2932 1786 1146 1758 1600 843 554 347 207
is_linear=0
shrinkage=0.1


Tree=23
num_leaves=31
num_cat=0
split_feature=11 7 7 11 10 7 7 4 11 7 8 10 11 0 5 0 12 10 7 7 7 4 5 2 5 4 5 7 7 4
split_gain=539.536 140.886 179.984 175.573 158.146 151.248 213.977 169.694 186.293 153.808 124.07 124.349 141.58 122.822 140.217 121.639 115.187 131.969 143.08 110.956 107.642 104.385 103.956 95.8307 92.4224 155.443 89.3049 86.8828 178.158 85.0255
threshold=6.1255973083333339 354.50000000000006 346.50000000000006 9.9761355208333349 6.4569070000000011 183.50000000000003 197.50000000000003 8.8044200000000288 6.894362529166667 70.500000000000014 1.0000000180025095e-35 9.0448420000000009 9.0189653020833358 9.0557335000000005 5.5000000000000009 3.1869328000000006 1.6465016213927464 3.1869328000000006 343.50000000000006 195.50000000000003 76.500000000000014 25.121130000000029 13.500000000000002 12.645261000000001 10.500000000000002 25.986560000000008 4.5000000000000009 337.50000000000006 336.50000000000006 18.451800000000027
decision_type=2 2 2 2 2 2 2 2 2 2 2 2 2 2 2 2 2 2 2 2 2 2 2 2 2 2 2 2 2 2
left_child=15 2 3 4 22 7 19 23 -9 -10 11 12 -11 -8 -15 21 17 -17 24 -7 -18 -1 -2 -6 25 26 -19 28 -26 -28
right_child=1 -3 -4 -5 5 6 13 8 9 10 -12 -13 -14 14 -16 16 20 18 -20 -21 -22 -23 -24 -25 27 -27 29 -29 -30 -31
leaf_value=-0.027636788134297399 0.018028921224078408 -0.035699020279141243 0.090513787679622579 0.054967181317586024 -0.013590049273931558 -0.063287672380969204 -0.016836219500458625 -0.018758853336641505 0.33145317176113959 0.18986240393950224 0.027421478889844711 0.040001103870240577 -0.021309971581458264 -0.11873988258437469 0.053963416809949975 -0.027632905765740335 -0.042103351335103956 0.0004890216652994301 0.061754333708815792 -0.22309238133860415 0.039977386661209091 0.023304934770527749 0.062135458106308154 0.067578038280667649 0.0067865207532315057 0.2452557339454475 -0.016883341421291744 -0.090348462710777927 0.21387767505255484 -0.058133281038858481
leaf_weight=4577 1324 433 375 1206 1084 151 1820 277 23 193 369 158 38 52 490 2584 193 2006 339 61 928 441 896 168 3806 23 1924 90 42 675
leaf_count=4577 1324 433 375 1206 1084 151 1820 277 23 193 369 158 38 52 490 2584 193 2006 339 61 928 441 896 168 3806 23 1924 90 42 675
internal_value=0.00022315 0.0199716 0.0227471 0.019689 0.0137001 0.0036408 -0.0130301 0.0222169 0.0517009 0.0766911 0.0689609 0.108365 0.155124 -0.00439218 0.0373941 -0.00999163 -0.00475149 -0.00773691 -0.00196361 -0.109269 0.0258457 -0.0231598 0.0358305 -0.00269848 -0.00448525 -0.0140669 -0.0153621 0.00677527 0.00904687 -0.0275966
internal_weight=26746 9118 8685 8310 7104 4884 2574 2310 1058 781 758 389 231 2362 542 17628 12610 11489 8905 212 1121 5018 2220 1252 8566 4628 4605 3938 3848 2599
internal_count=26746 9118 8685 8310 7104 4884 2574 2310 1058 781 758 389 231 2362 542 17628 12610 11489 8905 212 1121 5018 2220 1252 8566 4628 4605 3938 3848 2599
is_linear=0
shrinkage=0.1


Tree=24
num_leaves=31
num_cat=0
split_feature=2 5 11 12 2 7 7 6 3 7 11 10 3 7 7 4 4 4 12 11 7 7 6 7 7 4 7 12 7 10
split_gain=437.76 186.643 136.275 123.855 113.888 120.288 190.674 187.655 154.256 150.401 121.782 110.967 190.09 167.578 200.11 156.718 115.259 154.105 126.844 113.772 143.457 102.523 104.737 296.88 312.818 198.98 163.389 324.788 182.229 157.68
threshold=9.2301275000000018 11.500000000000002 8.327010433333335 1.6893285853690718 17.489891000000004 166.50000000000003 295.50000000000006 5.5000000000000009 0.17619239213154117 354.50000000000006 11.317884927083336 5.4655001500000013 0.45173909123812478 322.50000000000006 314.50000000000006 25.121130000000029 -2.201334999999967 0.80911000000003708 1.5786350964428255 4.435891175000001 242.50000000000003 12.500000000000002 8.5000000000000018 222.50000000000003 214.50000000000003 22.311450000000043 199.50000000000003 1.2240843186712753 193.50000000000003 6.5707071500000014
decision_type=2 2 2 2 2 2 2 2 2 2 2 2 2 2 2 2 2 2 2 2 2 2 2 2 2 2 2 2 2 2
left_child=1 11 -2 4 5 7 -7 10 -9 -8 -4 12 13 14 19 -14 -13 18 -18 20 -1 -3 23 24 26 -25 28 -28 -23 -27
right_child=2 21 3 -5 -6 6 9 8 -10 -11 -12 16 15 -15 -16 -17 17 -19 -20 -21 -22 22 -24 25 -26 29 27 -29 -30 -31
leaf_value=-0.023425852395676253 0.0088908215414803538 -0.053253946168322623 0.034827105870899766 0.11585000382115446 0.14075329539949422 -0.010652493321869969 0.081471305242633796 0.06091861136257648 0.44464283551682127 -0.021297108644667346 0.15503923957466439 -0.079243314300564305 0.014603698550582423 0.030193351065053754 -0.15808946957664663 0.23831930916639976 0.027336043199130262 -0.032898103396816723 0.27881380352709029 -0.0002491328202193608 -0.075298238332802164 0.0073221294091043434 -0.011844284569652223 -0.019097006945639511 -0.10282641839020963 0.089542335669655665 0.0099603921095928506 0.23010097103839625 -0.13627004969037243 0.26554097242779656
leaf_weight=2523 4904 330 898 180 91 1262 528 20 22 195 93 515 1459 570 114 32 78 1669 27 1405 676 4911 2999 153 262 371 212 98 90 59
leaf_count=2523 4904 330 898 180 91 1262 528 20 22 195 93 515 1459 570 114 32 78 1669 27 1405 676 4911 2999 153 262 371 212 98 90 59
internal_value=0.000200835 -0.00830081 0.0194528 0.0352009 0.0305317 0.0272082 0.0128063 0.0548828 0.261917 0.0537537 0.0461084 -0.0185588 -0.0121307 -0.0210225 -0.0272101 0.0194051 -0.0375959 -0.0255055 0.0920018 -0.0239694 -0.0343873 0.00150618 0.00348006 0.0109456 0.00384275 0.0788427 0.00910491 0.0795532 0.00473799 0.113691
internal_weight=26746 18553 8193 3289 3109 3018 1985 1033 42 723 991 9068 6779 5288 4718 1491 2289 1774 105 4604 3199 9485 9155 6156 5573 583 5311 310 5001 430
internal_count=26746 18553 8193 3289 3109 3018 1985 1033 42 723 991 9068 6779 5288 4718 1491 2289 1774 105 4604 3199 9485 9155 6156 5573 583 5311 310 5001 430
is_linear=0
shrinkage=0.1


end of trees

feature_importances:
day_of_year=239
temperature=116
hour=71
wind_24h_mean=66
forecast_wind=46
wind_shear=46
other_height_wind=38
wind_lag_1h=36
month=32
wind_24h_std=29
wind_lag_24h=28
is_daytime=2
forecast_wind_2=1

parameters:
[boosting: gbdt]
[objective: regression]
[metric: rmse]
[tree_learner: serial]
[device_type: cpu]
[data_sample_strategy: bagging]
[data: ]
[valid: ]
[num_iterations: 100]
[learning_rate: 0.1]
[num_leaves: 31]
[num_threads: 0]
[seed: 42]
[deterministic: 0]
[force_col_wise: 0]
[force_row_wise: 0]
[histogram_pool_size: -1]
[max_depth: -1]
[min_data_in_leaf: 20]
[min_sum_hessian_in_leaf: 0.001]
[bagging_fraction: 0.8]
[pos_bagging_fraction: 1]
[neg_bagging_fraction: 1]
[bagging_freq: 5]
[bagging_seed: 400]
[bagging_by_query: 0]
[feature_fraction: 0.9]
[feature_fraction_bynode: 1]
[feature_fraction_seed: 30056]
[extra_trees: 0]
[extra_seed: 12879]
[early_stopping_round: 0]
[early_stopping_min_delta: 0]
[first_metric_only: 0]
[max_delta_step: 0]
[lambda_l1: 0]
[lambda_l2: 0]
[linear_lambda: 0]
[min_gain_to_split: 0]
[drop_rate: 0.1]
[max_drop: 50]
[skip_drop: 0.5]
[xgboost_dart_mode: 0]
[uniform_drop: 0]
[drop_seed: 17869]
[top_rate: 0.2]
[other_rate: 0.1]
[min_data_per_group: 100]
[max_cat_threshold: 32]
[cat_l2: 10]
[cat_smooth: 10]
[max_cat_to_onehot: 4]
[top_k: 20]
[monotone_constraints: ]
[monotone_constraints_method: basic]
[monotone_penalty: 0]
[feature_contri: ]
[forcedsplits_filename: ]
[refit_decay_rate: 0.9]
[cegb_tradeoff: 1]
[cegb_penalty_split: 0]
[cegb_penalty_feature_lazy: ]
[cegb_penalty_feature_coupled: ]
[path_smooth: 0]
[interaction_constraints: ]
[verbosity: -1]
[saved_feature_importance_type: 0]
[use_quantized_grad: 0]
[num_grad_quant_bins: 4]
[quant_train_renew_leaf: 0]
[stochastic_rounding: 1]
[linear_tree: 0]
[max_bin: 255]
[max_bin_by_feature: ]
[min_data_in_bin: 3]
[bin_construct_sample_cnt: 200000]
[data_random_seed: 175]
[is_enable_sparse: 1]
[enable_bundle: 1]
[use_missing: 1]
[zero_as_missing: 0]
[feature_pre_filter: 1]
[pre_partition: 0]
[two_round: 0]
[header: 0]
[label_column: ]
[weight_column: ]
[group_column: ]
[ignore_column: ]
[categorical_feature: ]
[forcedbins_filename: ]
[precise_float_parser: 0]
[parser_config_file: ]
[objective_seed: 16083]
[num_class: 1]
[is_unbalance: 0]
[scale_pos_weight: 1]
[sigmoid: 1]
[boost_from_average: 1]
[reg_sqrt: 0]
[alpha: 0.9]
[fair_c: 1]
[poisson_max_delta_step: 0.7]
[tweedie_variance_power: 1.5]
[lambdarank_truncation_level: 30]
[lambdarank_norm: 1]
[label_gain: ]
[lambdarank_position_bias_regularization: 0]
[eval_at: ]
[multi_error_top_k: 1]
[auc_mu_weights: ]
[num_machines: 1]
[local_listen_port: 12400]
[time_out: 120]
[machine_list_filename: ]
[machines: ]
[gpu_platform_id: -1]
[gpu_device_id: -1]
[gpu_use_dp: 0]
[num_gpu: 1]

end of parameters

pandas_categorical:[]
