tree
version=v4
num_class=1
num_tree_per_iteration=1
label_index=0
max_feature_idx=7
objective=regression
feature_names=wind_speed wind_speed_2 wind_speed_3 hour month is_daytime wind_lag_1h wind_lag_24h
feature_infos=[0.1181636205:20.465551949999998] [0.013962641209668019:418.83881661814871] [0.0016498762370768727:8571.7675601752453] [0:23] [1:12] [0:1] [0.1181636205:20.465551949999998] [0.1181636205:20.465551949999998]
tree_sizes=2692 2705 2722 2726 2744 2747 2746 2732 2761 2727 2770 2748 2757 2765 2772 2746 2750 2773 2759

Tree=0
num_leaves=31
num_cat=0
split_feature=6 0 6 3 0 4 3 4 7 0 4 0 4 4 3 4 3 6 0 0 7 4 3 4 4 0 7 6 3 7
split_gain=2.4705e+07 3.45707e+06 2.46661e+06 466829 448552 407084 386181 327470 454497 300061 285113 263187 255977 245830 223681 223549 206119 179395 178349 160302 157863 142159 113337 103716 100592 92897.8 88668.7 88232.8 84826.2 103888
threshold=7.761599233500001 5.811370000000001 9.1732264850000025 14.500000000000002 10.128386170000002 11.500000000000002 15.500000000000002 11.500000000000002 11.832232950000003 4.5246666175000012 10.500000000000002 12.598546300000002 10.500000000000002 10.500000000000002 12.500000000000002 3.5000000000000004 9.5000000000000018 6.7971187275000018 6.7046981075000014 7.3199653975000016 8.9584877380000005 2.5000000000000004 13.500000000000002 2.5000000000000004 1.5000000000000002 11.832232950000003 6.8291380125000005 8.4629210640000014 12.500000000000002 9.7801055950000002
decision_type=2 2 2 2 2 2 2 2 2 2 2 2 2 2 2 2 2 2 2 2 2 2 2 2 2 2 2 2 2 2
left_child=1 9 6 5 13 19 12 10 -9 -1 11 20 21 14 15 -4 26 -5 -7 -3 -6 -2 -11 -13 -8 -10 -14 -26 29 -23
right_child=2 3 4 17 7 18 24 8 25 22 -12 23 16 -15 -16 -17 -18 -19 -20 -21 -22 28 -24 -25 27 -27 -28 -29 -30 -31
leaf_value=46.216803204866146 52.590266666005874 48.003638617502496 55.062362356053789 49.351830383614647 53.85644416455473 49.281237387802214 49.772717540578157 54.955353250139808 52.968146381394178 46.770161583500297 58.639102578522724 52.083054212282718 52.703717074112923 56.420412034032957 54.382034272944885 51.269388988614985 50.450204314209373 50.919332440820838 53.850659661588303 49.350938335673838 55.629758444892495 49.812338361746441 47.698920882086689 57.452639592970471 52.443979901660953 45.677368512564868 56.326518292196972 54.114418094611949 51.857569885479052 51.9931407512627
leaf_weight=9698 322 3907 199 1520 819 152 88 252 22 3271 323 38 113 271 816 709 169 1405 195 1141 1297 1684 2196 674 640 85 168 625 318 251
leaf_count=9698 322 3907 199 1520 819 152 88 252 22 3271 323 38 113 271 816 709 169 1405 195 1141 1297 1684 2196 674 640 85 168 625 318 251
internal_value=49.2146 47.4494 53.4091 49.0875 54.8179 48.5359 51.6375 55.4984 52.6368 46.5508 55.8245 55.503 51.0094 53.6206 53.1805 52.1007 53.2099 50.1048 51.8491 48.3082 54.9434 50.6249 47.1432 57.1661 53.0419 47.1764 54.8697 53.2693 50.344 50.0952
internal_weight=33368 23485 9883 8320 5505 5395 4378 3510 359 15165 3151 2828 3025 1995 1724 908 450 2925 347 5048 2116 2575 5467 712 1353 107 281 1265 2253 1935
internal_count=33368 23485 9883 8320 5505 5395 4378 3510 359 15165 3151 2828 3025 1995 1724 908 450 2925 347 5048 2116 2575 5467 712 1353 107 281 1265 2253 1935
is_linear=0
shrinkage=1


Tree=1
num_leaves=31
num_cat=0
split_feature=0 0 0 3 7 4 3 0 3 4 0 0 4 3 4 7 4 4 3 4 7 0 4 0 7 3 0 3 0 4
split_gain=2.00329e+07 2.79904e+06 1.97665e+06 423999 375354 328323 301132 253712 219936 190028 185615 184008 164136 192370 135305 138778 202545 170526 162537 155205 209298 135012 133274 126176 117035 116803 114747 87055.8 83434.9 83397.8
threshold=7.7615178815000005 5.811370000000001 9.1732264850000025 15.500000000000002 6.7103130825000008 11.500000000000002 15.500000000000002 4.0430310140000012 16.500000000000004 9.5000000000000018 9.7801055950000002 10.958427960000002 10.500000000000002 9.5000000000000018 5.5000000000000009 12.847685225000001 10.500000000000002 11.500000000000002 7.5000000000000009 11.500000000000002 10.296485500000001 6.7046981075000014 2.5000000000000004 6.7691708325000013 8.8642361000000012 17.500000000000004 7.0997882700000003 10.500000000000002 14.775310850000002 1.5000000000000002
decision_type=2 2 2 2 2 2 2 2 2 2 2 2 2 2 2 2 2 2 2 2 2 2 2 2 2 2 2 2 2 2
left_child=1 7 6 5 9 26 12 -1 10 -4 -6 -11 22 -14 -12 16 28 -17 -18 -20 -21 -7 -2 -5 29 -9 -3 -23 -16 -8
right_child=2 3 4 23 8 21 24 25 -10 11 14 -13 13 -15 15 17 18 -19 19 20 -22 27 -24 -25 -26 -27 -28 -29 -30 -31
leaf_value=-2.7625394149576739 3.2441889726600359 -1.0998774415359758 2.8345866924094505 0.27006959356008325 3.3842842996842308 0.081220004746788421 -0.36890975174965801 -2.1825486729358223 6.5159096245560866 3.6191854635457035 6.2231196886522531 9.6501817009665753 5.0809907410184252 0.838047235662287 3.8342161148475293 5.3197794034745964 8.7186189610797626 -3.3384755323762478 7.7548715059736146 5.4129173269569879 -2.677892043742728 5.1022792107940464 1.065046310268486 1.6479154759894383 4.7385895739570101 -1.26285260534693 -0.10057006116749022 0.16949377370917279 10.08034803650596 3.0735336970385907
leaf_weight=7999 321 3599 935 1348 578 152 77 5320 1391 119 1063 88 272 176 766 45 208 46 113 100 47 161 2233 1311 461 1865 1688 46 22 818
leaf_count=7999 321 3599 935 1348 578 152 77 5320 1391 119 1063 88 272 176 766 45 208 46 113 100 47 161 2233 1311 461 1865 1688 46 22 818
internal_value=0.0212264 -1.5678 3.79941 -0.0917689 5.05614 -0.582113 2.2073 -2.37513 5.47721 3.44154 4.99367 6.18309 1.64862 3.41412 5.37966 4.71403 4.98725 0.943079 6.63505 4.9682 2.82606 2.34432 1.33893 0.949406 3.44413 -1.94382 -0.780825 4.0061 4.0086 2.77737
internal_weight=33368 23489 9879 8305 5521 5646 4358 15184 4379 1142 2988 207 3002 448 2410 1347 1256 91 468 260 147 359 2554 2659 1356 7185 5287 207 788 895
internal_count=33368 23489 9879 8305 5521 5646 4358 15184 4379 1142 2988 207 3002 448 2410 1347 1256 91 468 260 147 359 2554 2659 1356 7185 5287 207 788 895
is_linear=0
shrinkage=0.1


Tree=2
num_leaves=31
num_cat=0
split_feature=6 6 6 3 1 7 3 4 4 7 5 1 4 4 1 3 6 7 3 1 1 4 4 7 4 4 7 7 3 4
split_gain=1.62867e+07 2.28047e+06 1.62608e+06 335638 322319 367057 257439 246677 243300 437628 202363 185731 171698 140919 139702 137487 125884 122022 121475 113848 106767 94865.6 91463.2 91301.9 82224.6 109562 86251.2 77589.4 74871.6 99777.2
threshold=7.761599233500001 5.7563996480000004 9.1732264850000025 14.500000000000002 122.95494314194725 9.1732264850000025 15.500000000000002 11.500000000000002 11.500000000000002 11.832232950000003 1.0000000180025095e-35 16.34609985730982 10.500000000000002 10.500000000000002 44.952976714587038 10.500000000000002 6.3478375305000014 10.205151155000001 12.500000000000002 50.406993482457253 158.72336961533986 2.5000000000000004 2.5000000000000004 8.5929264280000002 10.500000000000002 5.5000000000000009 5.1656981800000015 10.546447900000002 12.500000000000002 3.5000000000000004
decision_type=2 2 2 2 2 2 2 2 2 2 2 2 2 2 2 2 2 2 2 2 2 2 2 2 2 2 2 2 2 2
left_child=1 11 6 7 5 28 12 19 20 10 -10 -1 21 18 -9 -14 -5 -12 -7 -3 24 -2 -22 -13 25 -6 -27 -8 29 -4
right_child=2 3 4 16 8 13 27 14 9 -11 17 23 15 -15 -16 -17 -18 -19 -20 -21 22 -23 -24 -25 -26 26 -28 -29 -30 -31
leaf_value=-2.4893298612226662 2.7641523032917741 -1.0631586734678959 4.7115772143715899 -0.25397119148400243 5.9662719340347081 3.5344639254836587 2.8029532842192695 -0.1887046754360199 10.696497629339046 -2.8743658752851591 5.8485479736328125 -1.8912611618395339 4.4871009664708064 7.2663646800701436 3.7714218224623268 0.75353890373690491 1.1617474727522306 -1.8431481419187605 5.6091266072242281 -0.053078227102958613 1.9736087072052453 0.92915857948192926 7.0016011302281687 -0.57760745659212309 7.7675108287041468 -1.0054379932808153 4.2780362674622729 4.8704407666568406 3.7462808187642609 2.0558843040023933
leaf_weight=7980 322 3576 168 895 552 508 1137 164 55 93 55 6370 304 260 195 146 2106 33 635 1622 38 2253 755 577 118 33 485 216 821 896
leaf_count=7980 322 3576 168 895 552 508 1137 164 55 93 55 6370 304 260 195 146 2106 33 635 1622 38 2253 755 577 118 33 485 216 821 896
internal_value=0.0191037 -1.41408 3.42478 -0.112659 4.56867 3.94035 1.98641 -0.572875 5.50052 2.46541 5.93814 -2.16021 1.47357 5.16504 1.96234 3.27577 0.739532 2.96416 4.68705 -0.74797 5.8621 1.15862 6.76066 -1.78215 5.2623 4.98603 3.94144 3.13302 3.02881 2.4752
internal_weight=33368 23485 9883 8558 5505 3288 4378 5557 2217 236 143 14927 3025 1403 359 450 3001 88 1143 5198 1981 2575 793 6947 1188 1070 518 1353 1885 1064
internal_count=33368 23485 9883 8558 5505 3288 4378 5557 2217 236 143 14927 3025 1403 359 450 3001 88 1143 5198 1981 2575 793 6947 1188 1070 518 1353 1885 1064
is_linear=0
shrinkage=0.1


Tree=3
num_leaves=31
num_cat=0
split_feature=0 6 6 6 4 7 7 0 7 4 7 0 4 5 4 4 4 5 4 7 0 7 4 4 4 4 4 4 0 4
split_gain=1.32133e+07 1.86068e+06 1.34553e+06 257751 275666 277172 255839 250100 175987 229550 165926 142613 122686 119834 116418 102306 97821.2 94540.5 93898.3 97408 93791.2 85365.5 84886.8 99423.6 81104.1 114364 100061 79521.3 74621.4 69294.6
threshold=7.7615178815000005 5.721211458 9.1732264850000025 10.847463550000002 11.500000000000002 11.832232950000003 8.9584877380000005 6.3478030820000013 8.4658218965000014 11.500000000000002 9.0125024450000009 4.6243563000000014 10.500000000000002 1.0000000180025095e-35 10.500000000000002 10.500000000000002 3.5000000000000004 1.0000000180025095e-35 2.5000000000000004 2.6327341305000007 12.598546300000002 10.634246150000003 2.5000000000000004 6.5000000000000009 8.5000000000000018 3.5000000000000004 1.5000000000000002 5.5000000000000009 11.200457725000001 2.5000000000000004
decision_type=2 2 2 2 2 2 2 2 2 2 2 2 2 2 2 2 2 2 2 2 2 2 2 2 2 2 2 2 2 2
left_child=1 11 10 6 14 13 -4 -3 9 16 24 22 17 28 20 -12 18 -8 -9 -20 27 -15 -1 -24 25 26 -2 -5 -6 -22
right_child=2 7 3 4 5 -7 12 8 -10 -11 15 -13 -14 21 -16 -17 -18 -19 19 -21 29 -23 23 -25 -26 -27 -28 -29 -30 -31
leaf_value=-2.8099757923401616 0.32055223619444129 -0.88259984382321799 2.6626541590319226 5.280472721547028 2.4912099981307985 -2.4805700000963715 4.8998172226364947 -0.033992890034191661 1.3883565381533169 2.3604608417980235 2.398742961887669 -1.5016039264310077 6.5577764574882922 3.8676667319403757 7.3861088031244071 4.893676499327988 -0.45640428198265326 3.0409865971131143 6.5712103537150801 1.4067912290990354 1.7762477781427535 -2.4549388622415478 -1.6629991162095017 -2.3549659381572643 2.1877584278887339 0.73101228636631643 3.2237497226318768 3.7065213409235001 9.8078183381453812 6.1661470085471564
leaf_weight=1716 169 2857 1632 644 20 95 618 604 1116 377 813 4686 243 81 229 206 3447 491 42 280 38 29 3833 4531 1030 1787 399 640 46 669
leaf_count=1716 169 2857 1632 644 20 95 618 604 1116 377 813 4686 243 81 229 206 3447 491 42 280 38 29 3833 4531 1030 1787 399 640 46 669
internal_value=0.0171934 -1.27333 3.08563 4.13233 4.88329 1.87239 3.50543 -0.115345 0.258342 -0.00715182 1.78439 -1.95741 4.52274 4.222 5.25084 2.90312 -0.211266 4.07684 0.701253 2.08041 5.00525 2.2008 -2.1693 -2.03786 1.44761 1.12389 2.35995 4.49595 7.59066 5.9302
internal_weight=33368 23489 9879 5475 2491 271 2984 8723 5866 4750 4404 14766 1352 176 2220 1019 4373 1109 926 322 1991 110 10080 8364 3385 2355 568 1284 66 707
internal_count=33368 23489 9879 5475 2491 271 2984 8723 5866 4750 4404 14766 1352 176 2220 1019 4373 1109 926 322 1991 110 10080 8364 3385 2355 568 1284 66 707
is_linear=0
shrinkage=0.1


Tree=4
num_leaves=31
num_cat=0
split_feature=6 0 0 3 3 6 4 4 3 4 6 4 3 3 4 0 6 4 6 4 4 3 3 3 4 4 3 3 3 6
split_gain=1.07361e+07 1.42449e+06 1.17343e+06 252173 237911 209616 172631 161517 153003 152951 127978 122573 137583 114892 96358.7 95880.1 87026 84490.6 82084.6 76156.9 92470.4 75309.1 74768.7 74384.2 71753.3 76895.4 147538 99355.7 69738.2 65990.6
threshold=7.6948544600000011 5.6089967235000016 9.1732264850000025 13.500000000000002 15.500000000000002 11.088505000000001 11.500000000000002 11.500000000000002 12.500000000000002 10.500000000000002 6.3798763750000012 10.500000000000002 9.5000000000000018 16.500000000000004 4.5000000000000009 6.2084449680000011 3.2261004965000004 3.5000000000000004 12.847685225000001 10.500000000000002 2.5000000000000004 13.500000000000002 16.500000000000004 10.500000000000002 10.500000000000002 5.5000000000000009 14.500000000000002 11.500000000000002 12.500000000000002 7.1000927075000009
decision_type=2 2 2 2 2 2 2 2 2 2 2 2 2 2 2 2 2 2 2 2 2 2 2 2 2 2 2 2 2 2
left_child=1 13 4 6 11 8 29 24 9 14 -5 17 -13 16 -4 -8 -1 -2 22 20 -15 -20 -9 -17 25 27 -27 -7 -19 -3
right_child=2 3 5 10 -6 7 15 18 -10 -11 -12 12 -14 19 -16 23 -18 28 21 -21 -22 -23 -24 -25 -26 26 -28 -29 -30 -31
leaf_value=-2.3632932431836506 2.0162174300734224 -0.96339640926297843 3.2478515919791651 -0.28379733161602533 2.6155692859393547 6.4343451208520577 -1.6998599488970261 2.3268110434214275 3.9355757384547072 4.5640390811974454 0.96455675913848238 3.9416518097697644 0.39809187839247206 -2.2411498609225782 1.5232123273387632 3.1774725316535268 -1.7515578772518088 0.33699252864906343 1.9113800683021545 -2.5278480487849033 -0.96573403278852832 -4.2435153961181644 8.039703989028931 -1.2357393886732018 6.5674683167777888 2.4346134229735998 5.2334733180986728 4.3894468847953956 1.9527808565517226 -0.14962680747372692
leaf_weight=3670 485 3782 498 1333 1462 370 71 126 1537 314 2139 285 178 698 927 225 6348 1931 50 490 3063 33 28 46 198 388 366 664 310 1353
leaf_count=3670 485 3782 498 1333 1462 370 71 126 1537 314 2139 285 178 698 927 225 6348 1931 50 490 3063 33 28 46 198 388 366 664 310 1353
internal_value=0.015474 -1.17051 2.7284 -0.181442 1.55927 3.71724 -0.604092 4.46674 3.20865 2.56616 0.485278 1.07501 2.57933 -1.79082 2.12593 1.57134 -1.97566 0.819501 1.99925 -1.35521 -1.20244 -0.535747 3.36552 2.42837 4.7612 4.56118 3.79321 5.12118 0.560506 -0.74898
internal_weight=33368 23218 10150 8949 4651 5499 5477 2223 3276 1739 3472 3189 463 14269 1425 342 10018 2726 237 4251 3761 83 154 271 1986 1788 754 1034 2241 5135
internal_count=33368 23218 10150 8949 4651 5499 5477 2223 3276 1739 3472 3189 463 14269 1425 342 10018 2726 237 4251 3761 83 154 271 1986 1788 754 1034 2241 5135
is_linear=0
shrinkage=0.1


Tree=5
num_leaves=31
num_cat=0
split_feature=0 0 0 7 0 7 5 3 3 3 4 3 4 5 4 7 7 4 4 0 3 7 4 7 0 0 7 4 4 0
split_gain=8.65102e+06 989758 975968 207360 175326 163932 189444 150339 123896 119805 100658 97951 97552.7 83500.7 77618.8 73473.6 70793.2 69904.5 67905.7 66375.6 70832.7 63238.4 61440.6 70485 92020.6 59923.2 85461.3 65810.8 64204.6 59426.9
threshold=7.6287707825000011 6.1214660370000011 9.1732264850000025 6.7103130825000008 5.0068321775000006 6.5280313175000009 1.0000000180025095e-35 13.500000000000002 8.5000000000000018 15.500000000000002 10.500000000000002 14.500000000000002 11.500000000000002 1.0000000180025095e-35 10.500000000000002 3.3801635770000007 8.4658218965000014 9.5000000000000018 3.5000000000000004 9.5272965450000022 6.5000000000000009 8.3087996010000023 11.500000000000002 10.205151155000001 11.437860280000002 12.191616990000002 12.598546300000002 10.500000000000002 5.5000000000000009 10.958427960000002
decision_type=2 2 2 2 2 2 2 2 2 2 2 2 2 2 2 2 2 2 2 2 2 2 2 2 2 2 2 2 2 2
left_child=1 4 5 10 13 8 14 12 -2 19 -4 -6 16 17 -7 -10 18 -1 -3 -5 25 -9 -22 -24 -25 27 -27 28 -21 -12
right_child=2 7 3 9 11 6 -8 21 15 -11 29 -13 -14 -15 -16 -17 -18 -19 -20 20 22 -23 23 24 -26 26 -28 -29 -30 -31
leaf_value=-1.2588112258662516 -0.24398006852366416 0.16838963625522763 1.7270953650164043 1.9054492536797583 -1.3142628504012741 2.2726652310457736 1.0488706286167921 0.32582663276016699 3.1991394240755202 4.3150015245530158 2.4477479352879881 -0.38042330751846304 1.4337341619016075 -1.9505521179490726 4.0496325736212881 0.99493785328237105 0.44819312189455052 -2.2052770162948496 -0.98374206761517058 4.2178655216543701 3.2467387915093875 1.5625574988375346 3.0431802478601351 4.8977152960641046 -2.7459595438979925 7.1947005926176564 2.8747793305088098 5.4449931633472453 1.9344187544791269 6.5721108265935557
leaf_weight=4693 852 650 955 332 3149 1132 1479 1974 183 1621 67 1746 268 6086 314 871 602 936 2402 254 1379 523 106 21 63 129 71 160 239 73
leaf_count=4693 852 650 955 332 3149 1132 1479 1974 183 1621 67 1746 268 6086 314 871 602 936 2402 254 1379 523 106 21 63 129 71 160 239 73
internal_value=0.00126458 -1.07624 2.41014 3.32489 -1.48378 1.37439 1.84462 -0.0216611 0.652761 3.63291 2.09419 -0.981171 -0.407813 -1.69379 2.65854 1.37764 -0.54288 -1.41619 -0.738367 3.23144 3.4132 0.584862 3.01446 1.3286 -0.835041 4.14665 5.66113 3.68279 3.11088 4.59831
internal_weight=33330 23029 10301 5470 16610 4831 2925 6419 1906 4375 1095 4895 3922 11715 1446 1054 3654 5629 3052 2754 2422 2497 1569 190 84 853 200 653 493 140
internal_count=33330 23029 10301 5470 16610 4831 2925 6419 1906 4375 1095 4895 3922 11715 1446 1054 3654 5629 3052 2754 2422 2497 1569 190 84 853 200 653 493 140
is_linear=0
shrinkage=0.1


Tree=6
num_leaves=31
num_cat=0
split_feature=6 6 0 7 6 3 7 0 0 4 3 3 3 4 4 7 6 7 7 4 3 4 3 3 7 6 3 3 0 3
split_gain=7.06333e+06 837884 806876 203638 306901 173462 116498 91719.6 85677.8 86898.2 82539.5 81056 80592.8 84448.5 91701.4 78959.7 71267.1 70880 68346.1 63430.4 67703.9 89981.9 69124.3 60918.9 60479.3 58204.6 57782 87471.1 56855.5 55624.2
threshold=7.628841770000002 5.5551055155000011 8.9103388000000017 8.9584877380000005 12.373524350000002 13.500000000000002 6.1505905125000009 3.2261004965000004 6.3478030820000013 11.500000000000002 5.5000000000000009 16.500000000000004 13.500000000000002 3.5000000000000004 7.5000000000000009 7.5661993370000005 6.8854575115000012 5.7571787595000012 8.8642361000000012 10.500000000000002 9.5000000000000018 11.500000000000002 18.500000000000004 8.5000000000000018 6.0343425865000011 10.958427960000002 14.500000000000002 5.5000000000000009 9.5272965450000022 6.5000000000000009
decision_type=2 2 2 2 2 2 2 2 2 2 2 2 2 2 2 2 2 2 2 2 2 2 2 2 2 2 2 2 2 2
left_child=1 7 6 4 12 8 10 -1 -3 18 -2 28 13 -4 -15 -9 24 -6 -10 26 -21 22 -22 -11 -7 -14 27 -8 -5 -30
right_child=2 5 3 11 17 16 19 15 9 23 -12 -13 25 14 -16 -17 -18 -19 -20 20 21 -23 -24 -25 -26 -27 -28 -29 29 -31
leaf_value=-1.7833394582318514 -0.59898765710117197 -1.0470103971969451 3.3598465558615604 1.6356399656093292 3.2861802393706832 -0.50296769165335564 1.8150940937126596 -1.3827480225577105 -0.55946889887542661 2.877554261437778 0.97807153441603778 4.10580713387073 2.2966729947770843 0.57251401798977686 2.2307364455562957 -0.55467952515282803 0.97881259485252459 6.8906722914587508 0.87850559480172929 3.9918896116671108 1.3949708642820138 0.11380287967622281 5.7235955222163888 -0.61772141989908724 0.51840059792597759 4.174667134261937 1.9544804841023398 0.26492199612061557 4.0580590753602115 2.871045474235896
leaf_weight=5244 542 2204 220 243 82 1136 614 7512 2632 145 856 1208 814 816 564 1360 1158 163 378 189 78 180 70 76 1184 207 784 894 592 1185
leaf_count=5244 542 2204 220 243 82 1136 614 7512 2632 145 856 1208 814 816 564 1360 1158 163 378 189 78 180 70 76 1184 207 784 894 592 1185
internal_value=0.00113812 -0.972482 2.17777 2.91313 2.29964 -0.213383 1.11258 -1.45179 -0.566285 -0.238362 0.366651 3.45782 1.98326 1.5403 1.25022 -1.25581 0.338091 5.68427 -0.378886 1.48381 2.48435 1.61568 3.44229 1.67556 0.0182823 2.67742 1.25812 0.896093 3.07031 3.26649
internal_weight=33330 23029 10301 6094 2866 8913 4207 14116 5435 3231 1398 3228 2621 1600 1380 8872 3478 245 3010 2809 517 328 148 221 2320 1021 2292 1508 2020 1777
internal_count=33330 23029 10301 6094 2866 8913 4207 14116 5435 3231 1398 3228 2621 1600 1380 8872 3478 245 3010 2809 517 328 148 221 2320 1021 2292 1508 2020 1777
is_linear=0
shrinkage=0.1


Tree=7
num_leaves=31
num_cat=0
split_feature=6 6 6 3 3 6 7 7 5 3 0 3 4 4 4 6 7 0 7 4 3 7 4 7 4 7 7 4 4 7
split_gain=5.7213e+06 679370 659160 156646 131687 107591 106529 86188.7 100171 85069.1 81949.2 75354 72781.5 80445.3 75780.3 58996 58991.2 58146.6 55252 133555 69081.9 79039.8 54813.9 51824.7 52611.6 50721.5 48193.9 46482.5 45775.6 45071
threshold=7.628841770000002 5.6091377310000015 8.9109979500000023 14.500000000000002 15.500000000000002 12.373524350000002 9.0125024450000009 6.1505905125000009 1.0000000180025095e-35 19.500000000000004 7.0997882700000003 5.5000000000000009 3.5000000000000004 10.500000000000002 11.500000000000002 14.775310850000002 7.4692189270000009 3.2261004965000004 9.9853702250000023 9.5000000000000018 8.5000000000000018 12.191616990000002 2.5000000000000004 3.3801635770000007 3.5000000000000004 8.5929264280000002 14.775310850000002 10.500000000000002 10.500000000000002 5.6622331950000016
decision_type=2 2 2 2 2 2 2 2 2 2 2 2 2 2 2 2 2 2 2 2 2 2 2 2 2 2 2 2 2 2
left_child=1 9 7 5 10 6 12 11 28 17 -3 27 -4 -14 -15 -5 22 -1 29 -20 21 -21 -6 24 -13 -11 -8 -2 -9 -7
right_child=2 4 3 15 16 18 26 8 -10 25 -12 23 13 14 -16 -17 -18 -19 19 20 -22 -23 -24 -25 -26 -27 -28 -29 -30 -31
leaf_value=-1.6957331833993241 -0.93734405115086217 -0.66517969286478862 3.064417800374728 3.109319723842797 -1.480652910456425 2.2972380428100534 2.5453579435761373 1.6375265131543455 0.73420934356186063 -0.89123374493594754 0.18608909361978093 6.2353926535575619 0.86574080291344913 4.7782907251839166 1.3167631467183432 5.1182119585000549 1.0317738223082933 -1.2379680968009537 4.2858251158783238 5.9437717628479012 -1.7142303355626372 -1.1158253511478162 0.25455835167061414 0.56349120083713522 1.6671701949614066 0.84722739082673637 6.1590163394024504 1.8270980276380269 3.066525118740302 5.6926550093913235
leaf_weight=4412 464 4343 243 2324 205 53 1282 1064 1416 2306 1529 31 1244 111 147 156 949 7478 217 35 76 29 1626 733 135 181 38 70 284 149
leaf_count=4412 464 4343 243 2324 205 53 1282 1064 1416 2306 1529 31 1244 111 147 156 949 7478 217 35 76 29 1626 733 135 181 38 70 284 149
internal_value=0.00102431 -0.875233 1.95999 2.62331 -0.175083 2.20424 1.97154 0.995291 1.32159 -1.29658 -0.443519 0.365927 1.45879 1.19903 2.80603 3.23569 0.391918 -1.40783 3.4801 2.73226 0.324226 2.74489 0.0602829 0.92481 2.52027 -0.764711 2.64939 -0.574964 1.93859 4.80178
internal_weight=33330 23029 10301 6104 8652 3624 3065 4197 2764 14377 5872 1433 1745 1502 258 2480 2780 11890 559 357 140 64 1831 899 166 2487 1320 534 1348 202
internal_count=33330 23029 10301 6104 8652 3624 3065 4197 2764 14377 5872 1433 1745 1502 258 2480 2780 11890 559 357 140 64 1831 899 166 2487 1320 534 1348 202
is_linear=0
shrinkage=0.1


Tree=8
num_leaves=31
num_cat=0
split_feature=0 0 0 7 0 3 7 5 4 4 5 0 4 4 3 3 3 7 3 7 4 7 7 7 4 7 3 4 4 7
split_gain=4.65096e+06 646968 401789 126390 126124 98318.2 83221.9 82458.9 77668.3 76891.1 76698.6 66261.4 65921.3 85645.1 104796 63194.4 60750.5 59712.4 58662.5 58546.1 69907.8 56216.1 55002.5 50310.7 72198.3 57649.9 50206.3 47288.1 46708 46582.4
threshold=7.8317952260000006 6.3478030820000013 9.1732264850000025 5.7571787595000012 5.0068321775000006 16.500000000000004 6.6513029175000016 1.0000000180025095e-35 11.500000000000002 9.5000000000000018 1.0000000180025095e-35 14.775310850000002 2.5000000000000004 6.5000000000000009 16.500000000000004 13.500000000000002 8.5000000000000018 7.802559650000001 10.500000000000002 2.0653846365000006 4.5000000000000009 3.4983612045000005 6.0943221865000003 8.9584877380000005 10.500000000000002 8.1930934560000015 6.5000000000000009 4.5000000000000009 10.500000000000002 9.1732264850000025
decision_type=2 2 2 2 2 2 2 2 2 2 2 2 2 2 2 2 2 2 2 2 2 2 2 2 2 2 2 2 2 2
left_child=1 4 6 9 12 8 16 28 29 27 23 -12 -1 14 -14 -6 -2 -15 -10 20 -16 -18 -7 24 -5 -26 -11 -4 -8 -3
right_child=2 5 3 10 15 22 7 -9 18 26 11 -13 13 17 19 -17 21 -19 -20 -21 -22 -23 -24 -25 25 -27 -28 -29 -30 -31
leaf_value=-1.764697087535912 -0.13340212852597572 -0.35385334675096286 2.0198344676600928 1.660511685286959 -0.94102982528478751 0.087633415159546368 1.7435277693877929 0.91296884359626351 2.3068218912397112 -0.0062572956085205078 2.1367340729793676 4.4281156609829209 -1.1557072096950918 -1.5247477385897419 4.0467165173803066 -0.2742948762773284 2.7972909743001004 -0.35557810802059059 -0.7541478968479417 -0.34228224357895476 -0.30636908334608259 0.72950674598956045 1.2262850266225651 3.3700859082593855 5.6135726138798887 1.6433274630842538 4.7241319288028762 0.14332764083767632 3.2549663500703931 0.69281399045525993
leaf_weight=2009 714 3609 199 456 3603 710 931 1249 217 30 2469 133 3061 4661 70 2348 161 482 88 1354 78 717 1054 1524 99 58 89 413 262 482
leaf_count=2009 714 3609 199 456 3603 710 931 1249 217 30 2469 133 3061 4661 70 2348 161 482 88 1354 78 717 1054 1524 99 58 89 413 262 482
internal_value=0.000921879 -0.745151 1.87129 2.42965 -1.05286 0.137308 1.11415 1.48089 -0.115765 1.20575 2.61844 2.25386 -1.2433 -1.13537 -0.820008 -0.677966 0.551615 -1.41517 1.42366 -0.13587 1.75252 1.10868 0.767984 3.06236 2.29731 4.14686 3.5316 0.753499 2.07546 -0.230535
internal_weight=33330 23826 9504 5470 17666 6160 4034 2442 4396 731 4739 2602 11715 9706 4563 5951 1592 5143 305 1502 148 878 1764 2137 613 157 119 612 1193 4091
internal_count=33330 23826 9504 5470 17666 6160 4034 2442 4396 731 4739 2602 11715 9706 4563 5951 1592 5143 305 1502 148 878 1764 2137 613 157 119 612 1193 4091
is_linear=0
shrinkage=0.1


Tree=9
num_leaves=31
num_cat=0
split_feature=6 6 6 3 4 4 7 7 3 7 1 6 4 4 7 1 3 4 3 4 4 7 3 7 7 1 4 1 4 7
split_gain=3.78403e+06 541203 362935 116027 91385.9 102994 143473 131846 83271.5 72997.3 69031 66527.9 80938.4 62320.8 58880.4 57181 56535 65604.1 56438.8 102889 105049 55457.4 52724.4 50840.4 48777.5 45103.5 86969.2 166560 80005.1 60585.2
threshold=7.3941618425000009 8.9109979500000023 5.5551055155000011 14.500000000000002 3.5000000000000004 10.500000000000002 12.598546300000002 12.847685225000001 13.500000000000002 9.8528864500000015 153.1041048478381 11.200457725000001 2.5000000000000004 9.5000000000000018 5.3171248125000012 11.711815945966261 7.5000000000000009 11.500000000000002 13.500000000000002 10.500000000000002 3.5000000000000004 5.2566263450000017 11.500000000000002 7.6321396395000018 8.6766731175000018 113.08719128627548 11.500000000000002 165.06301617186921 4.5000000000000009 9.5272965450000022
decision_type=2 2 2 2 2 2 2 2 2 2 2 2 2 2 2 2 2 2 2 2 2 2 2 2 2 2 2 2 2 2
left_child=2 9 15 4 11 6 10 16 23 18 -6 -3 22 14 -12 -1 -7 -18 19 20 -2 -22 -13 -4 -17 29 28 -28 -27 -5
right_child=1 3 8 25 5 7 -8 -9 -10 -11 13 12 -14 -15 -16 24 17 -19 -20 -21 21 -23 -24 -25 -26 26 27 -29 -30 -31
leaf_value=-1.3000072623218708 1.4582290569742522 2.2614694123167811 -0.67045522529598778 1.6798313563900422 0.80771555899014502 3.9340637819377209 3.7945199789682236 -1.8777502064482641 0.17732952900889842 1.6866612726684129 -1.5227842240106493 5.4649909256398681 6.2465290659916732 -0.30686595314427428 4.0954041284358436 -0.95747930627571132 3.7754134102054864 0.68962520800763749 1.0678003836035008 1.8122072203337549 -1.0477920276010473 0.10842130799833899 -1.0801306126639247 0.078237900955805392 0.017516353319314393 1.7178663693860763 3.1032818144394292 -5.3891685149248909 3.8345402911245348 3.058471955510067
leaf_weight=5915 450 407 3604 762 1930 341 202 59 3180 700 21 20 107 57 167 7651 121 160 1574 398 589 1403 32 1212 550 227 72 34 837 548
leaf_count=5915 450 407 3604 762 1930 341 202 59 3180 700 21 20 107 57 167 7651 121 160 1574 398 589 1403 32 1212 550 227 72 34 837 548
internal_value=0.000829687 1.49678 -0.758103 2.13254 1.77187 1.55583 1.2452 2.64008 -0.219808 0.737937 1.00844 2.9391 4.67367 2.58964 3.46784 -1.06302 3.06862 2.01838 0.587482 0.321277 0.0782836 -0.233451 1.43722 -0.482038 -0.892091 2.65957 3.11083 0.379288 3.38296 2.25655
internal_weight=33330 11218 22112 6104 3624 3058 2377 681 7996 5114 2175 566 159 245 188 14116 622 281 4414 2840 2442 1992 52 4816 8201 2480 1170 106 1064 1310
internal_count=33330 11218 22112 6104 3624 3058 2377 681 7996 5114 2175 566 159 245 188 14116 622 281 4414 2840 2442 1992 52 4816 8201 2480 1170 106 1064 1310
is_linear=0
shrinkage=0.1


Tree=10
num_leaves=31
num_cat=0
split_feature=6 1 1 1 7 4 7 5 4 3 4 5 3 4 4 3 7 4 7 3 4 4 7 3 7 4 7 7 4 7
split_gain=3.13432e+06 530718 225468 123591 131438 84640.6 202380 80452.4 73273.3 110346 67106.9 76614.7 74629.9 63769.7 65088.1 98801.2 51554.8 49317.3 48182.2 57082.5 47893.6 47513.4 62567.4 51215.6 46370.6 53041 53395.1 45758.5 58009.6 44953.2
threshold=7.1000927075000009 77.554187178352791 28.560045999411653 122.95494314194725 8.9584877380000005 11.500000000000002 11.832232950000003 1.0000000180025095e-35 10.500000000000002 12.500000000000002 10.500000000000002 1.0000000180025095e-35 10.500000000000002 2.5000000000000004 6.5000000000000009 15.500000000000002 9.9167730450000011 1.5000000000000002 7.9497209510000006 8.5000000000000018 4.5000000000000009 3.5000000000000004 5.5254948450000017 5.5000000000000009 8.234326568500002 1.5000000000000002 7.6642717750000005 2.2321118150000006 4.5000000000000009 6.1236495630000016
decision_type=2 2 2 2 2 2 2 2 2 2 2 2 2 2 2 2 2 2 2 2 2 2 2 2 2 2 2 2 2 2
left_child=2 8 13 4 -3 -5 7 -7 9 21 11 -6 -13 -1 15 -15 -9 -11 19 -4 -19 24 -23 -24 25 -2 -27 28 -17 -16
right_child=1 3 18 5 10 6 -8 16 -10 17 -12 12 -14 14 29 27 -18 20 -20 -21 -22 22 23 -25 -26 26 -28 -29 -30 -31
leaf_value=-1.4593877394933505 -0.47297423990333781 1.1169732266606842 -0.78288754729580035 2.7237161492340514 2.6131857732277886 6.1682731533950239 -2.966241848869966 3.6699879623594742 1.4372532298268046 -0.58201706111431128 3.5605937207227925 -0.061975250191855846 2.1334897049584574 -0.95883121190141629 -1.2792072856750929 3.2365326743204514 -1.2847987992422922 1.9936881224959873 0.20739099862625202 -0.17332592126468171 0.86611048447423455 -0.85718923472823882 0.80707316436236065 -0.2617992513106086 -1.1796203916785362 1.5604658846146247 5.7411781619576852 -0.23009651630068162 -0.011240772281190475 -0.6596265064359621
leaf_weight=2285 119 2442 2600 1985 790 53 91 42 902 175 321 285 339 3180 4205 91 42 517 1500 3755 1388 760 822 986 87 301 34 1682 139 1623
leaf_count=2285 119 2442 2600 1985 790 53 91 42 902 175 321 285 339 3180 4205 91 42 517 1500 3755 1388 760 822 986 87 301 34 1682 139 1623
internal_value=0.0175564 1.27326 -0.726626 1.90991 1.5898 2.51412 0.689335 3.11749 0.605361 0.460754 2.25531 1.95899 1.13075 -0.978984 -0.87846 -0.617271 1.19259 1.02454 -0.302388 -0.422714 1.17212 0.0835657 -0.0958659 0.224159 0.935285 1.34056 1.98478 -0.0491947 1.27375 -1.10666
internal_weight=33541 12481 21060 6390 4177 2213 228 137 6091 5189 1735 1414 624 13205 10920 5092 84 2080 7855 6355 1905 3109 2568 1808 541 454 335 1912 230 5828
internal_count=33541 12481 21060 6390 4177 2213 228 137 6091 5189 1735 1414 624 13205 10920 5092 84 2080 7855 6355 1905 3109 2568 1808 541 454 335 1912 230 5828
is_linear=0
shrinkage=0.1


Tree=11
num_leaves=31
num_cat=0
split_feature=1 6 6 3 4 7 1 1 6 4 3 3 4 3 3 4 7 7 7 4 6 4 4 7 3 3 7 4 7 7
split_gain=2.55321e+06 336390 250984 126502 92629.2 96160.3 73566.5 57306.1 52250.3 67133.3 50727.3 50649 45408 58677.3 44295.6 60097.4 79280.2 103048 42842.9 41912.2 40433.7 39506 37476.3 35337.5 34731.7 34258 54971.9 33781.9 32174.5 32134
threshold=54.669770749992509 8.7087450475000008 6.3478375305000014 14.500000000000002 3.5000000000000004 5.6622331950000016 16.34609985730982 90.769379524597014 11.200457725000001 2.5000000000000004 1.5000000000000002 16.500000000000004 10.500000000000002 10.500000000000002 12.500000000000002 11.500000000000002 10.128386170000002 6.3832431085000012 10.734295760000002 2.5000000000000004 14.775310850000002 6.5000000000000009 9.5000000000000018 1.5732155575000002 15.500000000000002 11.500000000000002 8.8115193500000029 6.5000000000000009 6.1505905125000009 5.5254948450000017
decision_type=2 2 2 2 2 2 2 2 2 2 2 2 2 2 2 2 2 2 2 2 2 2 2 2 2 2 2 2 2 2
left_child=2 12 6 4 8 -6 19 10 18 -10 -7 -8 13 29 15 -4 17 -17 -3 -1 -5 24 -13 -15 -21 26 -14 -22 -23 -2
right_child=1 3 14 20 5 7 11 -9 9 -11 -12 22 25 23 -16 16 -18 -19 -20 21 27 28 -24 -25 -26 -27 -28 -29 -30 -31
leaf_value=-1.49944056223251 -0.47191222540653532 2.325328223444993 -0.34666497459778423 2.1338484995312639 -0.15511703118078624 2.8478278655321043 -0.73957523184503315 1.6390363770398331 0.91227615512147242 5.3441674003558877 0.38276957571206882 -0.065591374144433737 1.3830807049680531 4.1562154058367016 0.40690027172398385 -2.0692612865688029 -4.1056408337184358 4.0603570521158998 -0.34278851894425677 -0.89371706669518736 2.6880356847637832 -1.2811438134933868 -0.99493855300899359 0.80420613218132453 -0.19032165669200179 0.64650316245282413 4.4860718410717295 5.7612731839929312 -0.58088942702451518 0.36482152885802249
leaf_weight=1392 685 395 2405 2496 494 94 6794 2054 49 113 746 2334 262 32 2004 37 21 106 71 1840 99 2789 533 1831 1135 352 73 56 858 1391
leaf_count=1392 685 395 2405 2496 494 94 6794 2054 49 113 746 2334 262 32 2004 37 21 106 71 1840 99 2789 533 1831 1135 352 73 56 858 1391
internal_value=0.0158008 1.24041 -0.605805 1.69503 1.34112 1.13436 -0.776648 1.35447 2.45662 4.00366 0.658621 -0.590836 0.585198 0.454356 0.054519 -0.220363 1.63181 2.47437 1.91881 -1.00065 2.23117 -0.895797 -0.238365 0.861782 -0.625363 1.3354 2.05925 3.79837 -1.1164 0.0887316
internal_weight=33541 11293 22248 6667 4016 3388 17675 2894 628 162 840 9661 4626 3939 4573 2569 164 143 466 8014 2651 6622 2867 1863 2975 687 335 155 3647 2076
internal_count=33541 11293 22248 6667 4016 3388 17675 2894 628 162 840 9661 4626 3939 4573 2569 164 143 466 8014 2651 6622 2867 1863 2975 687 335 155 3647 2076
is_linear=0
shrinkage=0.1


Tree=12
num_leaves=31
num_cat=0
split_feature=0 6 6 0 3 4 4 4 4 3 4 4 3 3 4 0 4 4 3 0 3 0 4 0 4 6 3 3 4 4
split_gain=2.07039e+06 353397 155013 108143 93739.8 86309.9 79486 66401.6 48226.6 47953.9 46335.2 48598.4 75119.1 74728.2 58858 58150.4 44736.5 43464.1 65673.7 43387.1 37376.8 34123.8 31759 32191.6 36414 31143.1 68125.8 46692.2 29614.9 38315.9
threshold=7.0997882700000003 8.4629210640000014 5.3441599900000005 11.088505000000001 12.500000000000002 10.500000000000002 3.5000000000000004 11.500000000000002 10.500000000000002 13.500000000000002 10.500000000000002 5.5000000000000009 13.500000000000002 10.500000000000002 4.5000000000000009 14.775310850000002 2.5000000000000004 6.5000000000000009 14.500000000000002 10.847463550000002 12.500000000000002 9.5854322650000032 3.5000000000000004 8.1077700360000033 5.5000000000000009 12.847685225000001 16.500000000000004 14.500000000000002 1.5000000000000002 4.5000000000000009
decision_type=2 2 2 2 2 2 2 2 2 2 2 2 2 2 2 2 2 2 2 2 2 2 2 2 2 2 2 2 2 2
left_child=2 8 16 4 5 6 21 10 20 -4 11 13 -13 -5 -15 -14 -1 18 -18 -7 22 -3 -2 24 -24 26 -9 -27 -22 -30
right_child=1 3 9 7 -6 19 -8 25 -10 -11 -12 12 15 14 -16 -17 17 -19 -20 -21 28 -23 23 -25 -26 27 -28 -29 29 -31
leaf_value=-1.2011127749891195 0.75627290080939091 2.6513626038465237 -0.43863703088719819 3.7996824059716641 1.6809695411436598 2.4009444982068464 0.30737060284194179 0.33876781821250918 1.1434210537877576 0.067272278598601756 3.7013878736701713 0.40676869575671876 1.936104412927848 0.96405519820425833 2.8072679436524712 5.4571066326565223 -0.80844482186056088 -0.90204144562164235 -0.080407117516673871 -1.2674497222900392 -0.75398566835410108 0.93193316995343078 -1.0040257807890844 0.48059598033022666 -0.00058132216770344293 0.45631588409686907 6.0770123043060309 -4.7135270233154296 1.55785977985422 0.44857603639412835
leaf_weight=2298 482 225 4743 321 2422 409 1907 120 725 3097 197 351 357 322 375 54 2943 5828 2140 35 143 237 587 596 942 58 25 25 427 1150
leaf_count=2298 482 225 4743 321 2422 409 1907 120 725 3097 197 351 357 322 375 54 2943 5828 2140 35 143 237 587 596 942 58 25 25 427 1150
internal_value=0.0142207 1.03408 -0.591035 1.47236 1.22493 0.832281 0.592478 2.05981 0.388614 -0.23879 2.24617 2.08511 1.48117 2.53718 1.95574 2.39872 -0.800104 -0.715647 -0.501933 2.11177 0.262144 1.76932 0.023417 -0.142812 -0.385815 0.443884 1.32812 -1.10087 0.623982 0.748934
internal_weight=33541 12492 21049 7440 5235 2813 2369 2205 5052 7840 1977 1780 762 1018 697 411 13209 10911 5083 444 4327 462 2607 2125 1529 228 145 83 1720 1577
internal_count=33541 12492 21049 7440 5235 2813 2369 2205 5052 7840 1977 1780 762 1018 697 411 13209 10911 5083 444 4327 462 2607 2125 1529 228 145 83 1720 1577
is_linear=0
shrinkage=0.1


Tree=13
num_leaves=31
num_cat=0
split_feature=6 0 0 7 5 4 4 7 6 4 3 3 4 3 4 4 0 4 4 3 4 4 4 7 7 6 7 3 5 7
split_gain=1.68481e+06 294237 119358 82236.3 63554.6 56879.4 52829.9 66237.7 46837.1 41083.8 61177.2 42459.3 41649.1 39133.3 48754.2 45748.3 38200.8 48497.7 53445.3 44863.4 68925.9 49100 45055.2 44611.4 36565.4 36485.3 36624.5 34209.6 33770.6 31522.4
threshold=7.0681843455000015 8.754009745000003 5.3441599900000005 6.6513029175000016 1.0000000180025095e-35 9.5000000000000018 4.5000000000000009 2.6820516540000003 10.847463550000002 10.500000000000002 11.500000000000002 9.5000000000000018 11.500000000000002 16.500000000000004 7.5000000000000009 2.5000000000000004 10.060039225000002 2.5000000000000004 3.5000000000000004 10.500000000000002 6.5000000000000009 2.5000000000000004 5.5000000000000009 8.0314522450000023 7.9497209510000006 9.6452101000000017 6.1798393285000008 8.5000000000000018 1.0000000180025095e-35 8.6342412335000009
decision_type=2 2 2 2 2 2 2 2 2 2 2 2 2 2 2 2 2 2 2 2 2 2 2 2 2 2 2 2 2 2
left_child=2 9 13 5 -5 6 -3 -8 25 10 -2 12 -11 -1 15 -15 19 -18 -19 20 21 -6 -21 -23 27 26 -7 -4 -26 -20
right_child=1 3 24 4 16 8 7 -9 -10 11 -12 -13 -14 14 -16 -17 17 18 29 22 -22 23 -24 -25 28 -27 -28 -29 -30 -31
leaf_value=-0.83321932112215458 0.01425801785827592 1.4034511515467036 -0.61106560663409148 1.9699760282869367 1.5380377480695988 3.0926132845862582 -2.4596490891612306 0.31424944955792466 4.1034762317621256 0.45863302621178159 0.70603229761450448 0.47999262186227742 2.6713920841277656 -0.96028293371779017 -0.97737159984178812 0.0031088228801133266 -0.34014271888881925 3.3652624686882344 2.2708952485539839 2.571663635212758 1.5327316671017219 0.30478073596090516 0.67613994078143791 -2.8248557093428146 0.59196216573221083 -1.3590553339137588 -0.46522887263979229 -0.13576742660795771 -0.40404161325446808 1.2164944745300508
leaf_weight=9215 2910 383 2563 2310 58 93 98 708 79 133 2280 536 236 644 1245 2101 128 169 382 197 176 69 345 134 924 43 42 3701 539 1100
leaf_count=9215 2910 383 2563 2310 58 93 98 708 79 133 2280 536 236 644 1245 2101 128 169 382 197 176 69 345 134 924 43 42 3701 539 1100
internal_value=0.0127986 0.92597 -0.537277 1.39324 1.58303 0.728059 0.436472 -0.0230236 2.07708 0.426574 0.318159 1.04831 1.87384 -0.719942 -0.458325 -0.222911 1.25894 1.53503 1.68041 0.757255 0.00335508 -1.02795 1.3651 -1.76109 -0.225112 1.17772 1.98573 -0.330242 0.225013 1.48828
internal_weight=33541 12609 20932 6514 5068 1446 1189 806 257 6095 5190 905 369 13205 3990 2745 2758 1779 1651 979 437 261 542 203 7727 178 135 6264 1463 1482
internal_count=33541 12609 20932 6514 5068 1446 1189 806 257 6095 5190 905 369 13205 3990 2745 2758 1779 1651 979 437 261 542 203 7727 178 135 6264 1463 1482
is_linear=0
shrinkage=0.1


Tree=14
num_leaves=31
num_cat=0
split_feature=0 6 7 6 4 7 7 4 5 0 4 3 4 4 4 7 5 3 4 4 3 4 4 7 7 4 6 0 4 5
split_gain=1.37279e+06 225203 136140 65333.3 65760.3 128059 64198.6 62913.2 57590.4 50484.2 48387.1 47708.1 44842.4 44749.2 53690.9 44311.6 82386.5 63363.8 46617.3 43529 77068.9 48398.6 73126.3 36568.5 35778.3 35243 59006.7 33478 33221.3 61825.6
threshold=7.8689207350000014 6.3478375305000014 6.6513029175000016 9.7801055950000002 11.500000000000002 11.832232950000003 10.546447900000002 10.500000000000002 1.0000000180025095e-35 3.0140381400000007 4.5000000000000009 13.500000000000002 9.5000000000000018 1.5000000000000002 2.5000000000000004 6.2659675500000018 1.0000000180025095e-35 8.5000000000000018 10.500000000000002 5.5000000000000009 15.500000000000002 2.5000000000000004 1.5000000000000002 3.9331030305000003 7.7664753825000021 9.5000000000000018 12.847685225000001 14.775310850000002 10.500000000000002 1.0000000180025095e-35
decision_type=2 2 2 2 2 2 2 2 2 2 2 2 2 2 2 2 2 2 2 2 2 2 2 2 2 2 2 2 2 2
left_child=1 9 8 6 7 -6 13 19 12 -1 23 -12 -2 -4 -15 17 -17 -3 -18 21 27 22 -5 -10 -11 26 -22 -21 -16 -30
right_child=2 15 3 4 5 -7 -8 -9 10 24 11 -13 -14 14 28 16 18 -19 -20 20 25 -23 -24 -25 -26 -27 -28 -29 29 -31
leaf_value=-0.8576390701444091 -0.3116424773656099 -0.69243012471479115 -1.3298155772686007 2.9350958777497516 1.5352319573927107 -2.463046436102494 1.9340957521288988 3.1223643892905497 3.7388749165194377 -0.54170026958283868 0.035273103079774319 1.4816648891376083 1.2336629149081424 2.5279355989715269 0.52169241095830998 0.79678042078330402 -0.41914499200035032 0.24918327975494284 1.060844862332025 0.42271863467587062 1.0385378474642517 2.1928144216118706 -0.43869628407916084 1.3235291043153177 -0.077626779233296334 3.3537675266464557 4.6458268748139444 4.3787025798450818 2.6028062270101859 0.32337722790136469
leaf_weight=4600 1087 1287 100 99 264 115 547 289 84 11155 651 351 227 173 1950 1930 1313 1607 254 774 314 1281 183 247 1952 156 53 22 236 240
leaf_count=4600 1087 1287 100 99 264 115 547 289 84 11155 651 351 227 173 1950 1930 1313 1607 254 774 314 1281 183 247 1952 156 53 22 236 240
internal_value=0.0115188 -0.38896 1.03352 1.27048 1.56697 0.322034 0.946234 1.71576 0.425119 -0.572617 0.888225 0.541943 -0.0446833 0.746026 0.825897 0.119885 0.359423 -0.169565 -0.179249 1.57471 1.15166 1.93173 0.74572 1.93649 -0.472587 2.09468 1.55948 0.532055 0.704523 1.45351
internal_weight=33541 24098 9443 6796 3550 379 3246 3171 2647 17707 1333 1002 1314 2699 2599 6391 3497 2894 1567 2882 1319 1563 282 331 13107 523 367 796 2426 476
internal_count=33541 24098 9443 6796 3550 379 3246 3171 2647 17707 1333 1002 1314 2699 2599 6391 3497 2894 1567 2882 1319 1563 282 331 13107 523 367 796 2426 476
is_linear=0
shrinkage=0.1


Tree=15
num_leaves=31
num_cat=0
split_feature=0 0 4 6 4 3 4 3 4 6 3 4 4 3 0 3 6 3 3 3 4 4 4 3 4 4 3 4 0 5
split_gain=1.12983e+06 267501 52946.5 49432.9 72848.4 69157 47686.6 54271.1 47590.9 47876.4 47425.4 46012.8 43016.8 42657.8 40643.3 48251.7 40190.6 38244.6 34603.3 32976.8 58769.6 32176.8 51088.2 33254 31205.6 37912.1 61682.2 49428.3 47373 29526
threshold=8.4627355935000015 6.3478030820000013 10.500000000000002 11.200457725000001 10.500000000000002 11.500000000000002 6.5000000000000009 21.500000000000004 3.5000000000000004 10.452414125000002 12.500000000000002 11.500000000000002 7.5000000000000009 15.500000000000002 12.847685225000001 16.500000000000004 1.7890546460000003 13.500000000000002 1.5000000000000002 9.5000000000000018 11.500000000000002 1.5000000000000002 4.5000000000000009 19.500000000000004 10.500000000000002 5.5000000000000009 11.500000000000002 4.5000000000000009 14.775310850000002 1.0000000180025095e-35
decision_type=2 2 2 2 2 2 2 2 2 2 2 2 2 2 2 2 2 2 2 2 2 2 2 2 2 2 2 2 2 2
left_child=1 13 10 4 5 8 7 -7 9 -2 -3 24 -8 16 15 -13 -1 -16 -10 20 -4 23 -23 -12 25 26 -5 -28 -27 -6
right_child=3 2 19 11 29 6 12 -9 18 -11 21 14 -14 -15 17 -17 -18 -19 -20 -21 -22 22 -24 -25 -26 28 27 -29 -30 -31
leaf_value=-1.2354962944431005 1.6885941387085177 -0.17270833492553617 0.0072706103002702881 2.9677678636304092 2.3340445959339564 1.7999971971069788 -0.46007147320954922 0.1451219628751278 1.0938196426639422 -1.7281991518062094 -0.059488121424354404 0.33072775304317475 1.0462905618437135 -0.32542234279675952 0.26231296963161893 5.1338880882263185 -0.59453782952685141 -4.1451626913888111 -0.054243670206843675 0.33633938746208458 2.2852938079147616 1.2030308929644802 0.19535323504326205 -2.7506409956562905 2.8727683404103872 0.70597680721275058 0.33794886323999851 2.1359100187654625 3.7143153311913473 1.1555529141483676
leaf_weight=1077 378 4240 185 355 437 1137 278 240 317 46 177 128 596 5992 45 25 10673 35 1528 743 292 677 1959 62 188 641 282 334 57 414
leaf_count=1077 378 4240 185 355 437 1137 278 240 317 46 177 128 596 5992 45 25 10673 35 1528 743 292 677 1959 62 188 641 282 334 57 414
internal_value=-0.0125705 -0.323032 0.144253 1.07253 0.91196 0.75216 1.14488 1.51157 0.36256 1.3179 0.0398871 1.48516 0.56715 -0.542558 0.160531 1.11556 -0.653288 -1.66596 0.143012 0.752911 1.40178 0.353419 0.454154 -0.757611 1.65136 1.51378 1.91787 1.31282 0.951643 1.76072
internal_weight=33538 26077 8335 7461 5371 4520 2251 1377 2269 424 7115 2090 874 17742 233 153 11750 80 1845 1220 477 2875 2636 239 1857 1669 971 616 698 851
internal_count=33538 26077 8335 7461 5371 4520 2251 1377 2269 424 7115 2090 874 17742 233 153 11750 80 1845 1220 477 2875 2636 239 1857 1669 971 616 698 851
is_linear=0
shrinkage=0.1


Tree=16
num_leaves=31
num_cat=0
split_feature=0 0 7 5 7 4 7 5 4 4 0 0 5 7 5 7 6 4 7 4 7 6 4 7 7 4 7 0 5 4
split_gain=915164 216675 65092.6 129616 63623.1 58437.7 55678.7 54474 48996.3 59858.1 46967.4 70684.7 43405 38737.9 36508.9 33721.8 30711.7 30300.2 95908 43318.4 38460.2 29612 39866.4 36905.2 28269.9 26440.3 26346.5 24388 24360.1 23686.6
threshold=8.4627355935000015 6.3478030820000013 6.0642439020000003 1.0000000180025095e-35 6.4115639250000012 11.500000000000002 7.7664753825000021 1.0000000180025095e-35 9.5000000000000018 5.5000000000000009 9.5854322650000032 11.088505000000001 1.0000000180025095e-35 8.234326568500002 1.0000000180025095e-35 1.5732155575000002 13.129238887500003 10.500000000000002 12.191616990000002 11.500000000000002 9.2901481250000035 10.374120110000002 4.5000000000000009 5.1321131500000012 4.9059503525000006 9.5000000000000018 10.374120110000002 3.7356719025000005 1.0000000180025095e-35 6.5000000000000009
decision_type=2 2 2 2 2 2 2 2 2 2 2 2 2 2 2 2 2 2 2 2 2 2 2 2 2 2 2 2 2 2
left_child=1 6 12 -4 8 -5 27 17 9 10 -2 21 -3 -7 -8 29 -10 20 26 -20 25 22 23 -12 28 -6 -19 -1 -11 -14
right_child=4 2 3 5 7 13 14 -9 16 24 11 -13 15 -15 -16 -17 -18 18 19 -21 -22 -23 -24 -25 -26 -27 -28 -29 -30 -31
leaf_value=-0.70891398320545196 1.5071490811480992 -0.5097888500332276 0.84861874113630575 -0.32728505587050433 0.96187958085460079 2.631513992028359 0.30225146155167432 0.83890555145062162 1.2882245203511695 -1.9043675645670675 2.2165605604648593 2.7260196195996329 0.69341937965816924 -0.23457314843618415 -0.47179293731403721 0.10768554904169743 4.7366402552045628 2.3396788558616475 2.7997387409210206 -1.9803540475027903 1.6040978439334777 -2.9876982471852935 -1.9410865276358849 -1.6514596769938601 0.16522512047833002 -0.71947070289095616 4.1590778057728341 -0.45265480812508385 -0.20190288972501694 4.4980377491315204
leaf_weight=6365 414 1979 2594 2153 659 117 1351 3136 236 188 74 69 36 79 1110 1347 29 295 26 70 1398 53 86 37 321 109 109 8916 152 30
leaf_count=6365 414 1979 2594 2153 659 117 1351 3136 236 188 74 69 36 79 1110 1347 29 295 26 70 1398 53 86 37 321 109 109 8916 152 30
internal_value=-0.0113135 -0.290729 0.129828 0.361325 0.965274 -0.176794 -0.488302 1.12142 0.419172 0.182225 0.804495 -0.107413 -0.207522 1.47631 -0.0468706 0.215822 1.6656 1.45375 2.15543 -0.685746 1.29178 -0.88944 -0.324934 0.92722 -0.507826 0.72325 2.83056 -0.559395 -1.14327 2.42279
internal_weight=33538 26077 8335 4943 7461 2349 17742 5802 1659 1394 733 319 3392 196 2461 1413 265 2666 500 96 2166 250 197 111 661 768 404 15281 340 66
internal_count=33538 26077 8335 4943 7461 2349 17742 5802 1659 1394 733 319 3392 196 2461 1413 265 2666 500 96 2166 250 197 111 661 768 404 15281 340 66
is_linear=0
shrinkage=0.1


Tree=17
num_leaves=31
num_cat=0
split_feature=6 1 7 7 1 5 7 3 4 3 6 5 3 4 4 7 4 1 4 7 7 4 3 4 4 5 7 6 4 4
split_gain=741737 148943 63929.6 45861.5 120990 45701.5 41427.1 41400.5 58477.9 38649.2 35276.9 34423.2 32228.8 32085.2 29393.7 28751.8 51207 25487.2 23861.5 54161.5 44817.7 37184.5 29666.4 22909.7 24479.5 25797.2 23037.5 38963.3 22761.4 60804.9
threshold=6.9766391400000014 73.743270585033528 7.603007250000001 9.1732264850000025 153.1041048478381 1.0000000180025095e-35 5.7571787595000012 16.500000000000004 11.500000000000002 21.500000000000004 4.5246666175000012 1.0000000180025095e-35 9.5000000000000018 9.5000000000000018 1.5000000000000002 5.3171248125000012 11.500000000000002 125.45025334696543 3.5000000000000004 8.234326568500002 8.4658218965000014 6.5000000000000009 3.5000000000000004 10.500000000000002 11.500000000000002 1.0000000180025095e-35 5.9381218850000002 2.6820516540000003 2.5000000000000004 3.5000000000000004
decision_type=2 2 2 2 2 2 2 2 2 2 2 2 2 2 2 2 2 2 2 2 2 2 2 2 2 2 2 2 2 2
left_child=2 7 10 4 17 -5 13 8 18 -9 23 14 -10 -6 -4 -11 -17 -3 19 -2 -20 22 -22 -1 -25 -26 -27 -28 -7 -30
right_child=1 3 11 5 6 28 -8 9 12 15 -12 -13 -14 -15 -16 16 -18 -19 20 -21 21 -23 -24 24 25 26 27 -29 29 -31
leaf_value=-0.54155684724580377 0.86941035073342443 0.40513967987992933 -1.1960618579579938 1.5302637809831572 -0.5610828373648904 -0.56916363074861731 3.5727665299011608 0.96915039910103329 2.019403044692337 -1.3580534026586921 -0.31683016682655185 -0.34282969186687273 -0.085208522776762649 3.3120141132388796 0.39626407743824343 0.8633633986891559 -2.8361814704052239 1.2565437711662417 -0.37281629626520685 -1.3059175580105884 1.0621223706583824 1.3198828467745276 -0.6234139086672803 -1.4573149863040389 -1.3753033571603686 -0.41688504654024294 5.2411741529192248 0.12318640152613324 2.7121703036773352 0.65585564378183348
leaf_weight=7593 608 3136 124 1681 55 116 180 1120 223 133 8349 1543 108 35 1781 288 43 396 2507 141 155 321 320 606 215 247 21 51 162 1280
leaf_count=7593 608 3136 124 1681 55 116 180 1120 223 133 8349 1543 108 35 1781 288 43 396 2507 141 155 321 320 606 215 247 21 51 162 1280
internal_value=-0.0101821 0.580625 -0.384523 0.89213 0.656567 1.16864 2.69688 0.213052 0.0547022 0.651212 -0.463804 0.00825071 1.3327 0.945122 0.292617 -0.116225 0.382758 0.500597 -0.0496951 0.459903 -0.165253 0.488466 -0.0733968 -0.604316 -1.02232 -0.528677 0.0419328 1.61593 0.778462 0.88687
internal_weight=33538 13008 20530 7041 3802 3239 270 5967 4383 1584 17082 3448 331 90 1905 464 331 3532 4052 749 3303 796 475 8733 1140 534 319 72 1558 1442
internal_count=33538 13008 20530 7041 3802 3239 270 5967 4383 1584 17082 3448 331 90 1905 464 331 3532 4052 749 3303 796 475 8733 1140 534 319 72 1558 1442
is_linear=0
shrinkage=0.1


Tree=18
num_leaves=31
num_cat=0
split_feature=0 0 7 7 3 5 3 3 3 3 7 3 7 7 0 0 0 6 7 6 0 3 6 3 7 0 3 7 3 7
split_gain=605189 117325 57139.8 44342.3 36877.6 33492 28136.4 30487.4 27836.4 26940.9 51142.9 36521.2 35313.6 28930 26721.4 24575.5 39749.5 21746.6 19213.4 32916.6 27254.2 28247.6 34544.4 28171.5 24760.7 19202.7 18588.4 20671.7 18740.8 17973
threshold=6.976352212500001 8.4627355935000015 7.603007250000001 6.4115639250000012 15.500000000000002 1.0000000180025095e-35 15.500000000000002 22.500000000000004 5.5000000000000009 20.500000000000004 3.2261004965000004 11.500000000000002 3.4571827275000007 2.9670827955000001 4.5246666175000012 9.5854322650000032 11.200457725000001 8.9584877380000005 7.3630908700000015 11.546338935000003 9.9853702250000023 9.5000000000000018 9.3446188300000017 9.5000000000000018 8.4658218965000014 10.452414125000002 1.0000000180025095e-35 8.7149676210000013 18.500000000000004 6.0642439020000003
decision_type=2 2 2 2 2 2 2 2 2 2 2 2 2 2 2 2 2 2 2 2 2 2 2 2 2 2 2 2 2 2
left_child=2 6 14 9 8 26 -2 -8 -5 11 -11 13 17 -3 -1 -15 25 -13 19 -10 21 22 -20 -22 -23 -17 27 -4 -28 -9
right_child=1 3 5 4 -6 -7 7 29 18 10 -12 12 -14 15 -16 16 -18 -19 20 -21 23 24 -24 -25 -26 -27 28 -29 -30 -31
leaf_value=-0.54603911527696702 0.027040474536997747 -1.2044991029160363 0.089145176749990659 1.1256846863328407 1.2525209700639255 -0.32349054765710866 0.69435120870704348 -1.4224903665159061 0.8925584068705823 -3.7272855157437537 0.2831214460933093 4.0382206644330711 0.5746336844659089 0.76442563072778291 -0.29539518223619521 -0.71846601223643825 1.3677940533604733 1.5498795396858647 0.096624714733427597 4.0409429801476966 1.3892865608682472 -0.54443825226028764 -1.8546632287453635 0.39891308236518203 1.0198128150785013 -3.1961945668244973 -0.13076934129135484 2.2240298342304303 0.5203980342330139 0.28761515346440403
leaf_weight=8656 3851 154 83 1189 2071 1576 1433 115 324 46 103 49 452 448 8363 158 86 124 237 37 418 150 147 918 311 39 878 100 890 132
leaf_count=8656 3851 154 83 1189 2071 1576 1433 115 324 46 103 49 452 448 8363 158 86 124 237 37 418 150 147 918 311 39 878 100 890 132
internal_value=-0.00916393 0.525034 -0.346957 0.783773 0.914133 0.0193705 0.176011 0.517491 0.726301 0.327866 -0.954991 0.454452 1.03967 0.0411648 -0.422875 0.303589 -0.425933 2.25467 0.539492 1.21525 0.427641 -0.0168513 -0.650353 0.708775 0.510837 -1.20898 0.29633 1.25575 0.197024 -0.508588
internal_weight=33538 12992 20546 7461 5802 3527 5531 1680 3731 1659 149 1510 625 885 17019 731 283 173 2542 361 2181 845 384 1336 461 197 1951 183 1768 247
internal_count=33538 12992 20546 7461 5802 3527 5531 1680 3731 1659 149 1510 625 885 17019 731 283 173 2542 361 2181 845 384 1336 461 197 1951 183 1768 247
is_linear=0
shrinkage=0.1


end of trees

feature_importances:
month=173
wind_lag_24h=114
hour=112
wind_speed=72
wind_lag_1h=56
is_daytime=25
wind_speed_2=18

parameters:
[boosting: gbdt]
[objective: regression]
[metric: rmse]
[tree_learner: serial]
[device_type: cpu]
[data_sample_strategy: bagging]
[data: ]
[valid: ]
[num_iterations: 100]
[learning_rate: 0.1]
[num_leaves: 31]
[num_threads: 0]
[seed: 42]
[deterministic: 0]
[force_col_wise: 0]
[force_row_wise: 0]
[histogram_pool_size: -1]
[max_depth: -1]
[min_data_in_leaf: 20]
[min_sum_hessian_in_leaf: 0.001]
[bagging_fraction: 0.8]
[pos_bagging_fraction: 1]
[neg_bagging_fraction: 1]
[bagging_freq: 5]
[bagging_seed: 400]
[bagging_by_query: 0]
[feature_fraction: 0.9]
[feature_fraction_bynode: 1]
[feature_fraction_seed: 30056]
[extra_trees: 0]
[extra_seed: 12879]
[early_stopping_round: 0]
[early_stopping_min_delta: 0]
[first_metric_only: 0]
[max_delta_step: 0]
[lambda_l1: 0]
[lambda_l2: 0]
[linear_lambda: 0]
[min_gain_to_split: 0]
[drop_rate: 0.1]
[max_drop: 50]
[skip_drop: 0.5]
[xgboost_dart_mode: 0]
[uniform_drop: 0]
[drop_seed: 17869]
[top_rate: 0.2]
[other_rate: 0.1]
[min_data_per_group: 100]
[max_cat_threshold: 32]
[cat_l2: 10]
[cat_smooth: 10]
[max_cat_to_onehot: 4]
[top_k: 20]
[monotone_constraints: ]
[monotone_constraints_method: basic]
[monotone_penalty: 0]
[feature_contri: ]
[forcedsplits_filename: ]
[refit_decay_rate: 0.9]
[cegb_tradeoff: 1]
[cegb_penalty_split: 0]
[cegb_penalty_feature_lazy: ]
[cegb_penalty_feature_coupled: ]
[path_smooth: 0]
[interaction_constraints: ]
[verbosity: -1]
[saved_feature_importance_type: 0]
[use_quantized_grad: 0]
[num_grad_quant_bins: 4]
[quant_train_renew_leaf: 0]
[stochastic_rounding: 1]
[linear_tree: 0]
[max_bin: 255]
[max_bin_by_feature: ]
[min_data_in_bin: 3]
[bin_construct_sample_cnt: 200000]
[data_random_seed: 175]
[is_enable_sparse: 1]
[enable_bundle: 1]
[use_missing: 1]
[zero_as_missing: 0]
[feature_pre_filter: 1]
[pre_partition: 0]
[two_round: 0]
[header: 0]
[label_column: ]
[weight_column: ]
[group_column: ]
[ignore_column: ]
[categorical_feature: ]
[forcedbins_filename: ]
[precise_float_parser: 0]
[parser_config_file: ]
[objective_seed: 16083]
[num_class: 1]
[is_unbalance: 0]
[scale_pos_weight: 1]
[sigmoid: 1]
[boost_from_average: 1]
[reg_sqrt: 0]
[alpha: 0.9]
[fair_c: 1]
[poisson_max_delta_step: 0.7]
[tweedie_variance_power: 1.5]
[lambdarank_truncation_level: 30]
[lambdarank_norm: 1]
[label_gain: ]
[lambdarank_position_bias_regularization: 0]
[eval_at: ]
[multi_error_top_k: 1]
[auc_mu_weights: ]
[num_machines: 1]
[local_listen_port: 12400]
[time_out: 120]
[machine_list_filename: ]
[machines: ]
[gpu_platform_id: -1]
[gpu_device_id: -1]
[gpu_use_dp: 0]
[num_gpu: 1]

end of parameters

pandas_categorical:[]
