tree
version=v4
num_class=1
num_tree_per_iteration=1
label_index=0
max_feature_idx=7
objective=regression
feature_names=wind_speed wind_speed_2 wind_speed_3 hour month is_daytime wind_lag_1h wind_lag_24h
feature_infos=[0.50558001952999998:20.341971950000001] [0.25561115614795515:413.79582281458687] [0.12923189331736903:8417.4230207214969] [0:23] [1:12] [0:1] [0.50558001952999998:20.341971950000001] [0.50558001952999998:20.341971950000001]
tree_sizes=2694 2711 2732 2716 2746 2762 2722 2748 2764 2731 2740 2753 2762 2765 2774 2757 2743 2774 2736 2732 2768

Tree=0
num_leaves=31
num_cat=0
split_feature=6 0 6 3 4 3 0 4 7 0 6 7 0 0 6 3 4 7 4 4 4 3 3 3 4 4 7 0 4 3
split_gain=2.75292e+07 3.65362e+06 2.87502e+06 638658 536223 453584 372063 425454 488094 313968 290541 246654 223258 219297 181102 164239 157792 157246 156212 116805 182962 210302 112063 102064 97198.2 90236 82213.7 94647.1 78373.1 77463.3
threshold=7.4454657769500017 5.3929023179500017 9.5457699907000002 13.500000000000002 10.500000000000002 14.500000000000002 10.467637754500002 11.500000000000002 12.699090706750004 4.0918006754000009 6.4250281231000015 8.9660877149000004 8.5530391256500007 6.5390429907000014 8.6463257877000022 5.5000000000000009 10.500000000000002 10.226392472500001 10.500000000000002 2.5000000000000004 5.5000000000000009 14.500000000000002 16.500000000000004 7.5000000000000009 3.5000000000000004 2.5000000000000004 9.8204029509000019 8.3806457220000024 6.5000000000000009 9.5000000000000018
decision_type=2 2 2 2 2 2 2 2 2 2 2 2 2 2 2 2 2 2 2 2 2 2 2 2 2 2 2 2 2 2
left_child=1 9 4 13 5 12 11 18 15 -1 -5 -4 24 -3 -7 -9 -15 -17 19 -8 -21 -22 -11 -18 -2 -14 29 -28 -16 -6
right_child=2 3 6 10 26 14 7 8 -10 22 -12 -13 25 16 28 17 23 -19 -20 20 21 -23 -24 -25 -26 -27 27 -29 -30 -31
leaf_value=45.861220464542377 51.943597994948654 47.673618932117982 53.184900690950897 49.0129887039338 54.874915806148891 52.242874164192756 53.764808434364589 61.596922177417461 46.258979025339094 46.556294731945115 50.787759309129797 55.694605352431914 54.33196506940579 48.634393175745444 55.242639871573239 56.475255156610316 53.047861192580122 48.596743599392042 59.146484736825762 57.580011600822992 54.205913154267833 57.135720174452999 47.512217173283311 49.059000885537181 50.045251879843633 51.75716677041131 53.844463336680683 58.276373303039257 52.957319709347047 52.888727484632895
leaf_weight=7657 323 3466 828 1931 376 1065 151 36 86 4395 1766 743 157 2168 395 76 142 38 238 1029 490 490 1701 117 1635 1023 93 100 242 411
leaf_count=7657 323 3466 828 1931 376 1065 151 36 86 4395 1766 743 157 2168 395 76 142 38 238 1029 490 490 1701 117 1635 1023 93 100 242 411
internal_value=49.2146 47.3322 53.5975 48.8305 52.1581 51.7262 55.5899 56.3163 52.2651 46.2875 49.8608 54.3719 51.0132 48.1841 53.0406 55.7086 48.9131 53.8491 56.715 56.4471 56.6487 55.6708 46.823 51.2459 50.3584 52.0997 54.2912 56.1408 54.3744 53.8377
internal_weight=33368 23343 10025 9590 5820 4840 4205 2634 236 13753 3697 1571 3138 5893 1702 150 2427 114 2398 2160 2009 980 6096 259 1958 1180 980 193 637 787
internal_count=33368 23343 10025 9590 5820 4840 4205 2634 236 13753 3697 1571 3138 5893 1702 150 2427 114 2398 2160 2009 980 6096 259 1958 1180 980 193 637 787
is_linear=0
shrinkage=1


Tree=1
num_leaves=31
num_cat=0
split_feature=0 0 0 3 4 3 0 4 7 5 0 0 7 4 4 0 0 4 0 7 7 7 7 3 7 4 4 3 4 3
split_gain=2.23549e+07 3.0304e+06 2.22398e+06 568298 416644 353287 277156 342160 395356 281719 267040 208987 188767 181407 176505 144096 138735 123862 119811 112233 103211 100029 88865.4 86950 80117.2 71760.6 70715.2 95123.2 88397.2 69638.2
threshold=7.4758363616000016 5.413569346150001 9.6224591545000031 14.500000000000002 10.500000000000002 14.500000000000002 10.467637754500002 11.500000000000002 12.699090706750004 1.0000000180025095e-35 4.1948387550000019 6.4815939412000008 9.160264799150001 11.500000000000002 3.5000000000000004 8.5989816480000023 6.5390429907000014 10.500000000000002 8.5530391256500007 10.293620257250002 10.669402419500001 9.0926880670000028 9.8204029509000019 18.500000000000004 8.9660877149000004 6.5000000000000009 5.5000000000000009 14.500000000000002 2.5000000000000004 9.5000000000000018
decision_type=2 2 2 2 2 2 2 2 2 2 2 2 2 2 2 2 2 2 2 2 2 2 2 2 2 2 2 2 2 2
left_child=1 10 4 13 5 14 12 17 9 -9 -1 -5 -4 16 -2 -7 -3 20 -16 21 26 -11 29 -12 -15 -17 28 -28 -8 -6
right_child=2 3 6 11 22 15 7 8 -10 19 23 -13 -14 24 18 25 -18 -19 -20 -21 -22 -23 -24 -25 -26 -27 27 -29 -30 -31
leaf_value=-2.9699048955248646 3.3514731153859141 -1.3892680642057602 3.7036513049474467 0.0028463354494347023 5.1494472037859866 2.746114605443347 3.7600359475475624 11.247981960490598 -2.6388125156247337 -0.009761790434519451 -2.2793353870430271 1.5741033401347766 6.0311633940923173 2.357813646265511 0.84911487542498087 5.3807765358693915 -0.40630880320141838 8.9119485958417268 2.2515432194043301 -2.3923284947872161 7.2783039378676335 8.3722905513218464 6.5327087806566118 -1.3197939189890373 -2.2463827753067016 3.310536656765902 4.1723016027234046 6.7107452686767859 7.2211722431850038 3.2561006365020582
leaf_weight=8176 558 3449 835 1785 370 989 87 59 86 24 4517 1610 598 236 1581 449 2460 240 991 32 981 35 197 1194 45 267 381 241 486 409
leaf_count=8176 558 3449 835 1785 370 989 87 59 86 24 4517 1610 598 236 1581 449 2460 240 991 32 981 35 197 1194 45 267 381 241 486 409
internal_value=0.0212264 -1.65942 4.0075 -0.291743 2.75058 2.37014 5.79548 6.40097 2.76667 5.86582 -2.60341 0.747979 4.67494 -0.861995 1.73925 3.52832 -0.980048 6.75597 1.38948 2.37628 6.51818 4.96264 4.63523 -2.07872 1.62049 4.60877 5.89418 5.15585 6.69566 4.15538
internal_weight=33368 23472 9896 9585 5811 4835 4085 2652 236 150 13887 3395 1433 6190 3130 1705 5909 2416 2572 91 2176 59 976 5711 281 716 1195 622 573 779
internal_count=33368 23472 9896 9585 5811 4835 4085 2652 236 150 13887 3395 1433 6190 3130 1705 5909 2416 2572 91 2176 59 976 5711 281 716 1195 622 573 779
is_linear=0
shrinkage=0.1


Tree=2
num_leaves=31
num_cat=0
split_feature=6 6 6 3 4 3 6 4 7 5 6 1 1 1 7 4 6 4 7 4 1 4 3 4 7 7 1 4 5 3
split_gain=1.81284e+07 2.41917e+06 1.88705e+06 444115 354803 301807 244682 271117 331401 262109 214909 178971 162038 158260 154663 123628 122760 112166 104801 92610.2 178935 134928 123406 89579.1 87358.5 80083.6 75202.4 80125 71867.6 124839
threshold=7.4454657769500017 5.2831314786500014 9.5457699907000002 13.500000000000002 10.500000000000002 14.500000000000002 10.377976740500001 11.500000000000002 13.029394797000004 1.0000000180025095e-35 6.4250281231000015 11.97118914213651 66.464532566831068 50.352947611679049 8.9660877149000004 10.500000000000002 8.1050155976000031 2.5000000000000004 10.226392472500001 5.5000000000000009 196.02962554777346 2.5000000000000004 14.500000000000002 10.500000000000002 8.3347852440000008 8.8497365131000034 33.968605044526633 11.500000000000002 1.0000000180025095e-35 9.5000000000000018
decision_type=2 2 2 2 2 2 2 2 2 2 2 2 2 2 2 2 2 2 2 2 2 2 2 2 2 2 2 2 2 2
left_child=1 11 4 13 5 12 14 15 9 -9 -5 -1 -2 26 -4 19 -7 -14 25 21 22 -8 -21 -15 -13 -11 -3 -28 -6 -30
right_child=2 3 6 10 28 16 7 8 -10 18 -12 24 17 23 -16 -17 -18 -19 -20 20 -22 -23 -24 -25 -26 -27 27 -29 29 -31
leaf_value=-2.8826809876586634 0.62899686567848778 -1.6343926017144144 3.1909930852059318 -0.18333008781956261 4.932269058742766 2.0226992381670112 3.6565223177906816 10.270050194149926 -2.5220185586384365 -0.5594020979745048 1.3074423903129246 -2.2013323437279908 4.1201889651290822 0.014418266599854247 5.2919836578668589 8.1070417343542491 3.7815953657004999 1.7839029806027331 -1.9986973224542082 3.6146843018658625 9.2744711952006575 6.7946974184530262 5.9032636526705966 3.2898724510464619 -0.85584164607095825 6.9193265618218325 -0.92291725480210474 1.3867021827181434 5.4011432787143825 1.9425624845313356
leaf_weight=4835 1312 1667 791 2133 531 630 157 63 84 21 1769 7887 236 817 629 261 1072 1590 39 497 94 1076 448 93 514 45 3471 157 165 284
leaf_count=4835 1312 1667 791 2133 531 630 157 63 84 21 1769 7887 236 817 629 261 1072 1590 39 497 94 1076 448 93 514 45 3471 157 165 284
internal_value=0.0191038 -1.50839 3.57583 -0.343396 2.40964 2.0583 5.18993 5.73462 2.60649 5.17075 0.492522 -2.39797 1.47674 -0.869062 4.12164 6.04582 3.13054 2.08585 2.11117 5.80904 5.11353 6.39511 4.69964 0.349162 -2.11901 4.53973 -1.07843 -0.82297 4.14481 3.21353
internal_weight=33368 23343 10025 10107 5820 4840 4205 2785 252 168 3902 13236 3138 6205 1420 2533 1702 1826 105 2272 1039 1233 945 910 8401 66 5295 3628 980 449
internal_count=33368 23343 10025 10107 5820 4840 4205 2785 252 168 3902 13236 3138 6205 1420 2533 1702 1826 105 2272 1039 1233 945 910 8401 66 5295 3628 980 449
is_linear=0
shrinkage=0.1


Tree=3
num_leaves=31
num_cat=0
split_feature=0 6 6 6 4 6 5 0 4 6 4 7 5 7 4 4 7 5 7 7 7 0 4 4 7 4 4 6 6 4
split_gain=1.47041e+07 2.01331e+06 1.49414e+06 316408 281278 267633 187692 217132 227357 149398 122751 92550.1 90047.1 109676 80579.2 79016.7 78084.9 80500.5 72073 70770.6 60908.4 60742.9 53859 69795.6 62917.7 285439 108165 70398.2 63219.3 54927.2
threshold=7.4758363616000016 5.2831314786500014 9.6224591545000031 6.6342552604000007 10.500000000000002 8.5530391256500007 1.0000000180025095e-35 10.777620622250003 11.500000000000002 4.0918006754000009 2.5000000000000004 10.226392472500001 1.0000000180025095e-35 5.3407251228000012 5.5000000000000009 10.500000000000002 7.9434979616500021 1.0000000180025095e-35 4.6253382309000015 8.9660877149000004 9.8204029509000019 8.3806457220000024 5.5000000000000009 6.5000000000000009 13.431818439000002 11.500000000000002 10.500000000000002 10.467637754500002 10.226392472500001 11.500000000000002
decision_type=2 2 2 2 2 2 2 2 2 2 2 2 2 2 2 2 2 2 2 2 2 2 2 2 2 2 2 2 2 2
left_child=1 9 4 16 5 -2 18 19 10 -1 -9 -10 13 -5 -7 -15 -3 -18 -4 -8 -6 -22 -20 -24 26 -26 27 -25 29 -28
right_child=2 3 6 12 20 14 7 8 11 -11 -12 -13 -14 15 -16 -17 17 -19 22 -21 21 -23 23 24 25 -27 28 -29 -30 -31
leaf_value=-2.4487278031836937 1.2890130291495232 -0.85767794877843484 2.0319768942635634 -0.21585044989672802 3.3855328889816287 3.4472441563333227 2.2967766128428333 1.3828134429123669 4.6061573529854796 -1.7685224236255341 5.6422503529521579 -1.4278217054393194 -0.09672877707642559 1.0384509215796747 2.173461250098915 3.033386658599686 0.79623470325866863 -1.1498331914667363 6.2453428251678673 3.9783230684580433 3.3753364015774561 7.002882819909316 2.890888351880438 3.3042200667220492 6.5919518763636367 -4.1098148345947267 9.0984886305672799 5.8610353796846342 8.7706660340163882 3.7621887022449125
leaf_weight=7630 2855 5560 58 624 789 978 572 72 39 5598 1122 73 1706 1173 1009 239 618 324 756 445 83 104 123 172 81 36 28 288 151 62
leaf_count=7630 2855 5560 58 624 789 978 572 72 39 5598 1122 73 1706 1173 1009 239 618 324 756 445 83 104 123 172 81 36 28 288 151 62
internal_value=0.0171934 -1.34585 3.25015 -0.29342 2.22142 1.90924 4.71782 4.12815 4.9813 -2.16087 5.3854 0.673296 0.43917 0.888208 2.80042 1.37612 -0.715036 0.126887 5.49835 3.03256 3.77012 5.3928 5.61682 5.11186 5.44582 3.2991 5.80412 4.90501 7.52027 5.42237
internal_weight=33368 23472 9896 10244 5818 4842 4078 2323 1306 13228 1194 112 3742 2036 1987 1412 6502 942 1755 1017 976 187 1697 941 818 117 701 460 241 90
internal_count=33368 23472 9896 10244 5818 4842 4078 2323 1306 13228 1194 112 3742 2036 1987 1412 6502 942 1755 1017 976 187 1697 941 818 117 701 460 241 90
is_linear=0
shrinkage=0.1


Tree=4
num_leaves=31
num_cat=0
split_feature=6 0 0 3 3 6 6 4 4 3 5 6 0 0 5 6 6 4 4 4 3 3 4 3 4 4 4 0 3 4
split_gain=1.19237e+07 1.60485e+06 1.24627e+06 327149 297169 182180 165387 233969 163534 157052 153078 147724 127346 116204 108706 105652 98321.1 88980.7 87121.1 80142.5 71750.2 67663.3 63108.9 53647.3 49888.6 45545.5 82453.9 128466 58550.3 39273.2
threshold=7.4454657769500017 5.1241066833500009 9.5457699907000002 13.500000000000002 15.500000000000002 6.1806758879500014 10.777620622250003 11.500000000000002 10.500000000000002 11.500000000000002 1.0000000180025095e-35 13.029394797000004 8.1525782772500026 6.5390429907000014 1.0000000180025095e-35 8.5104334467500031 3.4599406264200003 2.5000000000000004 10.500000000000002 2.5000000000000004 18.500000000000004 7.5000000000000009 1.5000000000000002 12.500000000000002 10.500000000000002 10.500000000000002 5.5000000000000009 14.938238744000003 15.500000000000002 9.5000000000000018
decision_type=2 2 2 2 2 2 2 2 2 2 2 2 2 2 2 2 2 2 2 2 2 2 2 2 2 2 2 2 2 2
left_child=1 16 4 13 8 -5 10 17 12 -10 -4 14 -2 -3 -9 22 -1 -8 -15 -14 -18 -20 -6 -21 -12 26 -19 28 -28 -30
right_child=2 3 6 5 15 -7 7 11 9 -11 24 -13 19 18 -16 -17 20 25 21 23 -22 -23 -24 -25 -26 -27 27 -29 29 -31
leaf_value=-2.3505940340551441 0.46062399336936394 -1.0882047459031543 4.5734697678364844 -0.33356271676874338 -0.64601049966671897 0.98208650307814094 2.4928799236054755 8.2429102188501613 3.8134919290959957 -0.095626210210887533 2.4679156562240552 -1.459650042851766 3.3172107755609641 -0.42761307824523326 1.7188384932440681 3.8011823888166916 -1.9331451777641846 5.7914106922100821 2.9800557007042454 1.1833890517348769 -1.1810333071730623 -0.26774500719964123 2.5083445089560077 2.6312829674425582 4.1964377452272412 6.7251449508441965 3.2655960177180305 8.9444362048445072 4.3217286610506411 6.6242244997114517
leaf_weight=4844 1399 4240 828 2017 68 2201 121 39 477 131 920 90 268 2168 74 866 6006 891 142 1364 1608 117 943 315 204 198 419 58 246 106
leaf_count=4844 1399 4240 828 2017 68 2201 121 39 477 131 920 90 268 2168 74 866 6006 891 142 1364 1608 117 943 315 204 198 419 58 246 106
internal_value=0.015474 -1.22333 2.90001 -0.336283 1.95442 0.352958 4.21469 4.80064 1.46255 2.97123 3.5417 1.56305 1.18841 -0.772343 3.97051 2.99055 -1.99838 5.12297 -0.220529 1.71136 -1.77431 1.5129 2.29618 1.45503 2.78163 5.2889 5.12356 4.40576 4.06433 5.01509
internal_weight=33368 23343 10025 10885 5831 4218 4194 2242 3954 608 1952 203 3346 6667 113 1877 12458 2039 2427 1947 7614 259 1011 1679 1124 1918 1720 829 771 352
internal_count=33368 23343 10025 10885 5831 4218 4194 2242 3954 608 1952 203 3346 6667 113 1877 12458 2039 2427 1947 7614 259 1011 1679 1124 1918 1720 829 771 352
is_linear=0
shrinkage=0.1


Tree=5
num_leaves=31
num_cat=0
split_feature=0 0 0 3 4 3 0 4 7 7 5 0 4 4 0 4 7 4 0 7 0 7 7 5 7 4 7 0 4 7
split_gain=9.53827e+06 1.11733e+06 1.08138e+06 258087 216338 162625 157398 239262 209857 173106 130145 101438 104543 100450 100178 98748.8 93980.9 72618.5 71612.3 66553.7 64892.1 60193.5 59978.9 55089 51624.3 58206.2 47190.9 46074.2 43305.6 41813.2
threshold=7.279481265050002 5.097900568600001 9.3548569595000028 15.500000000000002 10.500000000000002 14.500000000000002 10.899489923000003 11.500000000000002 8.6463257877000022 12.699090706750004 1.0000000180025095e-35 5.8529088713500013 11.500000000000002 10.500000000000002 6.4250281231000015 3.5000000000000004 8.2489642228500006 2.5000000000000004 8.5530391256500007 10.467637754500002 3.4233669492000005 9.0332941927500006 4.5963712286500007 1.0000000180025095e-35 11.127468086000002 1.5000000000000002 10.226392472500001 8.1525782772500026 6.5000000000000009 8.9660877149000004
decision_type=2 2 2 2 2 2 2 2 2 2 2 2 2 2 2 2 2 2 2 2 2 2 2 2 2 2 2 2 2 2
left_child=1 16 4 11 5 15 8 17 -4 10 -9 -3 21 23 22 -2 20 -8 24 27 -1 -13 -5 -10 25 -7 -16 -17 -20 -14
right_child=2 3 6 14 -6 18 7 9 13 -11 -12 12 29 -15 26 19 -18 -19 28 -21 -22 -23 -24 -25 -26 -27 -28 -29 -30 -31
leaf_value=-2.1522871553965159 2.1366215152908352 -1.2362349187934465 2.1379629018880961 -0.90140142123816291 2.9815977053382854 -0.9658646223873929 2.2980546635825458 7.4650808762530891 4.2265612632824627 -2.3460130472292846 0.59354527034456772 -0.65769088608491355 2.2401772514936775 5.7795376410737402 0.88943221433572317 0.11834581309332189 -0.69542041015528477 4.8115624577078728 3.6877155508036199 2.4389311210369349 -1.6683492966960782 0.75549604610705678 0.2653127935426936 2.7756628041251457 4.4601289567493252 1.7277334883692674 3.3060447416086305 0.97624887200193755 1.8907232154672746 -1.9019715355975286
leaf_weight=4539 561 2508 1161 621 965 87 123 49 567 87 63 3995 188 252 1135 1277 741 1755 368 199 7113 326 1517 486 63 1030 87 1228 211 28
leaf_count=4539 561 2508 1161 621 965 87 123 49 567 87 63 3995 188 252 1135 1277 741 1755 368 199 7113 326 1517 486 63 1030 87 1228 211 28
internal_value=0.00385223 -1.14595 2.49277 -0.381924 1.61024 1.34683 3.65619 4.29756 3.116 1.0004 3.59984 -0.725871 -0.443748 3.98611 0.339238 0.929235 -1.78742 4.64694 2.12197 0.678738 -1.85687 -0.551072 -0.0735691 3.55692 1.67502 1.51794 1.06148 0.538907 3.03285 1.70323
internal_weight=33330 22798 10532 10405 5989 5024 4543 2077 2466 199 112 7045 4537 1305 3360 3265 12393 1878 1759 2704 11652 4321 2138 1053 1180 1117 1222 2505 579 216
internal_count=33330 22798 10532 10405 5989 5024 4543 2077 2466 199 112 7045 4537 1305 3360 3265 12393 1878 1759 2704 11652 4321 2138 1053 1180 1117 1222 2505 579 216
is_linear=0
shrinkage=0.1


Tree=6
num_leaves=31
num_cat=0
split_feature=6 6 6 3 3 6 6 6 4 7 7 4 3 4 0 3 7 4 4 7 7 4 6 7 3 4 4 4 0 3
split_gain=7.81773e+06 1.05589e+06 730094 214357 156795 98234.3 96090.8 86584 193598 131708 119031 83267.4 127375 91410.6 71660.4 70363.9 66829.4 61971.8 60229.8 60215.5 57437 56541.4 52999.9 51283.5 49281.1 48091.8 52746.3 48864.9 65942.5 131246
threshold=7.4762224135000013 5.3674130264000013 9.6224591545000031 12.500000000000002 15.500000000000002 4.4803604563000006 6.4815939412000008 10.899489923000003 11.500000000000002 12.699090706750004 8.9660877149000004 10.500000000000002 10.500000000000002 3.5000000000000004 6.9812522194000008 8.5000000000000018 8.5104334467500031 2.5000000000000004 10.500000000000002 10.467637754500002 10.571923787050002 10.500000000000002 8.6932102499000035 9.8204029509000019 19.500000000000004 10.500000000000002 3.5000000000000004 11.500000000000002 9.8204029509000019 11.500000000000002
decision_type=2 2 2 2 2 2 2 2 2 2 2 2 2 2 2 2 2 2 2 2 2 2 2 2 2 2 2 2 2 2
left_child=1 5 4 14 11 16 -5 10 17 15 25 13 -13 -2 -3 -10 -1 -9 -12 -15 -8 -16 -6 -17 -7 26 -4 -27 -29 -30
right_child=2 3 7 6 22 24 20 8 9 -11 18 12 -14 19 21 23 -18 -19 -20 -21 -22 -23 -24 -25 -26 27 -28 28 29 -31
leaf_value=-1.7831317411001537 2.2015756230217014 -0.775660361669404 3.6538884275693158 -0.077347908356264539 1.9990526224328098 -1.3025914342619338 0.77690300890443365 2.0289976104736329 7.076304753621419 -1.9582570676053508 3.3302489272354507 3.2563154036128843 -0.027024405593087216 0.71178162462192007 -0.14010027816272491 4.4847635269165043 -0.45283505472964447 4.333571083895106 5.3110558031663224 2.4171812445980261 3.6388546835886291 2.1129314723514745 3.1095065438721368 -0.68618485819209707 -0.39286287806842429 5.7371038801529828 1.4492933830889891 7.16570579694665 -3.1496155640482906 4.4079164610968702
leaf_weight=9091 620 4481 130 2307 1111 3513 1780 125 33 89 782 444 161 2468 1095 34 394 1754 191 226 73 124 701 44 717 68 657 23 40 54
leaf_count=9091 620 4481 130 2307 1111 3513 1780 125 33 89 782 444 161 2468 1095 34 394 1754 191 226 73 124 701 44 717 68 657 23 40 54
internal_value=0.00346701 -0.981701 2.38433 -0.192399 1.65941 -1.54915 0.353385 3.41677 3.86543 0.907615 2.93719 1.30375 2.38257 1.1068 -0.590726 3.20548 -1.72787 4.18026 3.71908 0.854848 0.889651 0.0890842 2.42865 1.56782 -1.14839 2.15449 1.81346 3.60528 2.36627 1.19195
internal_weight=33330 23575 9755 9860 5731 13715 4160 4024 2079 200 1945 3919 605 3314 5700 111 9485 1879 973 2694 1853 1219 1812 78 4230 972 787 185 117 94
internal_count=33330 23575 9755 9860 5731 13715 4160 4024 2079 200 1945 3919 605 3314 5700 111 9485 1879 973 2694 1853 1219 1812 78 4230 972 787 185 117 94
is_linear=0
shrinkage=0.1


Tree=7
num_leaves=31
num_cat=0
split_feature=6 6 0 0 3 7 4 7 5 0 4 4 4 3 5 6 5 4 4 3 3 7 7 7 4 0 4 4 6 4
split_gain=6.33533e+06 757247 701787 193676 170172 146884 112530 150017 124956 83947.6 97091.2 83921.7 80649.7 71068.2 66335.9 65435.5 65304.9 60409.9 64211.6 106385 81749.2 61093.4 54685.6 51652.4 64069.7 51066.6 54957.5 51861 88459.9 49582.9
threshold=7.3138889959500011 5.097900568600001 8.6463257877000022 10.293620257250002 15.500000000000002 9.9048077047500023 11.500000000000002 13.431818439000002 1.0000000180025095e-35 6.0742835926000014 11.500000000000002 10.500000000000002 10.500000000000002 14.500000000000002 1.0000000180025095e-35 6.4815939412000008 1.0000000180025095e-35 2.5000000000000004 10.500000000000002 12.500000000000002 8.5000000000000018 5.3127239044500012 9.4808559200000015 8.2489642228500006 10.500000000000002 10.777620622250003 2.5000000000000004 5.5000000000000009 14.938238744000003 1.5000000000000002
decision_type=2 2 2 2 2 2 2 2 2 2 2 2 2 2 2 2 2 2 2 2 2 2 2 2 2 2 2 2 2 2
left_child=1 16 12 5 9 17 11 8 -8 -3 22 14 13 -2 -5 -6 23 -4 19 -19 -20 -22 -11 24 -1 -16 -27 -28 -29 -15
right_child=2 4 3 6 15 -7 7 -9 -10 10 -12 -13 -14 29 25 -17 -18 18 20 -21 21 -23 -24 -25 -26 26 27 28 -30 -31
leaf_value=-1.1748711583659559 0.55799647176522726 -0.94638388356440761 3.1689451869747609 3.9627219913507141 -0.039498323890494638 3.4673753534203131 6.2694924738869737 -2.8244576033204796 1.0361105025231421 -0.46768292316687154 1.9437656502033533 5.2565244296724485 2.0613106274559514 -0.61264847204523187 1.6928771399014384 0.8849177449467277 -1.6829713360105765 0.71242997194621482 4.6525222657521565 2.2610834405640641 5.6591334942408977 1.1892574669038953 1.2289441464478106 -0.1936617157395161 -2.1692429445504184 0.66103922697978146 4.1418079568987265 2.2632045023732767 7.493467864990234 1.6773101277684945
leaf_weight=4931 2354 3320 306 1013 2188 724 67 64 143 3464 190 258 691 103 282 1178 6258 988 150 805 35 242 201 451 746 78 487 425 35 1153
leaf_count=4931 2354 3320 306 1013 2188 724 67 64 143 3464 190 258 691 103 282 1178 6258 988 150 805 35 242 201 451 746 78 487 425 35 1153
internal_value=0.0031203 -0.925574 2.04985 2.73941 -0.3026 2.21165 3.34082 1.41407 2.70581 -0.5778 -0.260368 3.5456 1.07155 0.882094 3.35534 0.28402 -1.45575 1.85174 1.67018 1.40773 2.77224 1.75404 -0.374635 -1.22371 -1.30554 2.88458 3.21244 3.42259 2.66116 1.48952
internal_weight=33330 22927 10403 6102 10541 3250 2852 274 210 7175 3855 2578 4301 3610 2320 3366 12386 2526 2220 1793 427 277 3665 6128 5677 1307 1025 947 460 1256
internal_count=33330 22927 10403 6102 10541 3250 2852 274 210 7175 3855 2578 4301 3610 2320 3366 12386 2526 2220 1793 427 277 3665 6128 5677 1307 1025 947 460 1256
is_linear=0
shrinkage=0.1


Tree=8
num_leaves=31
num_cat=0
split_feature=0 0 0 3 0 0 5 0 4 4 4 3 3 7 7 4 7 7 3 7 7 4 7 3 7 7 4 0 7 4
split_gain=5.12331e+06 721352 471739 138232 109065 104248 96264.7 70489.1 84557.3 69532 66223.6 57869.9 54367.3 56193.5 53042.2 51982.6 48044.5 47913.1 47341.4 47639.9 43023.4 62438.2 42233.2 39808.6 48600.1 39707.9 64684.6 39533.7 38541.4 38265.7
threshold=7.4758363616000016 5.7205536242000008 9.6224591545000031 12.500000000000002 4.5379727392500007 8.5530391256500007 1.0000000180025095e-35 10.777620622250003 11.500000000000002 10.500000000000002 10.500000000000002 14.500000000000002 15.500000000000002 10.377976740500001 7.9873002427000017 2.5000000000000004 10.226392472500001 3.616887498300001 18.500000000000004 4.6253382309000015 8.2918386785000013 3.5000000000000004 9.8204029509000019 3.5000000000000004 6.5427296090500011 10.571923787050002 2.5000000000000004 2.5686666920500012 11.258956385500001 10.500000000000002
decision_type=2 2 2 2 2 2 2 2 2 2 2 2 2 2 2 2 2 2 2 2 2 2 2 2 2 2 2 2 2 2
left_child=1 4 5 10 12 9 17 16 15 28 20 25 27 29 -5 -9 -8 -4 -6 -20 21 -3 -10 24 -12 26 -7 -1 -2 -14
right_child=2 3 6 14 18 11 7 8 22 -11 23 -13 13 -15 -16 -17 -18 -19 19 -21 -22 -23 -24 -25 -26 -27 -28 -29 -30 -31
leaf_value=-2.0827084490223955 0.71153968452846561 0.1326068666443061 -0.099950495660305033 0.23874456070451566 -0.99837291397160177 3.2703767040004474 1.3722410014907762 0.59493530407930029 3.3483441889286043 2.0029571755480977 0.41600019253162018 2.4766561986894713 -0.9912808593500767 2.7975112206227073 1.1870848926853892 3.2677581920931154 3.0516859485243644 3.4017313486464413 -1.1422937726628193 0.17294787641528597 0.28007741348237669 -0.86945574767117029 -0.92080307177134935 0.11153638652068075 4.0075078356106753 3.1296044255902835 1.0343398476664294 -1.4507456228215645 2.5886000517167544 -1.9940665270024978
leaf_weight=1228 2704 799 40 2708 4464 146 820 78 32 565 83 920 2945 37 754 1084 215 1690 426 779 581 2804 84 354 69 129 1136 5105 114 437
leaf_count=1228 2704 799 40 2708 4464 146 820 78 32 565 83 920 2945 37 754 1084 215 1690 426 779 581 2804 84 354 69 129 1136 5105 114 437
internal_value=0.00280827 -0.794835 1.92992 -0.0339995 -1.19703 1.34503 2.75655 2.33455 2.83134 0.990474 -0.387792 1.8596 -1.3998 -1.07845 0.445287 3.08834 1.72111 3.32077 -0.848232 -0.292026 -0.518469 -0.647239 0.256893 0.692747 2.04636 1.45727 1.28899 -1.57329 0.787475 -1.12085
internal_weight=33330 23573 9757 8152 15421 5714 4043 2313 1278 3383 4690 2331 9752 3419 3462 1162 1035 1730 5669 1205 4184 3603 116 506 152 1411 1282 6333 2818 3382
internal_count=33330 23573 9757 8152 15421 5714 4043 2313 1278 3383 4690 2331 9752 3419 3462 1162 1035 1730 5669 1205 4184 3603 116 506 152 1411 1282 6333 2818 3382
is_linear=0
shrinkage=0.1


Tree=9
num_leaves=31
num_cat=0
split_feature=6 1 6 1 3 3 7 4 3 4 7 5 4 7 4 1 4 4 4 6 3 3 7 4 7 3 4 3 6 4
split_gain=4.19115e+06 618630 373262 141324 97891.3 96278.8 94035.2 81939.7 90331.2 79305.1 124125 90353.9 67346.1 61851.9 57084.5 53914.1 56370.9 52520.3 51077.2 107203 65299.7 51116.3 50267.8 48504.6 51685 46643.8 80205 61797 45074.4 74122
threshold=7.0111787307500011 73.154478320745142 5.097900568600001 105.95861804984985 16.500000000000004 18.500000000000004 10.066842222000002 11.500000000000002 9.5000000000000018 11.500000000000002 13.431818439000002 1.0000000180025095e-35 10.500000000000002 5.2026011052000003 1.5000000000000002 35.71554674173786 10.500000000000002 2.5000000000000004 5.5000000000000009 14.938238744000003 14.500000000000002 7.5000000000000009 7.8618230831500018 10.500000000000002 11.971042071000005 13.500000000000002 10.500000000000002 8.5000000000000018 12.191106854000003 6.5000000000000009
decision_type=2 2 2 2 2 2 2 2 2 2 2 2 2 2 2 2 2 2 2 2 2 2 2 2 2 2 2 2 2 2
left_child=2 4 22 6 7 15 17 -2 -9 12 11 -11 18 -7 -6 -4 -17 -3 21 20 -20 -5 -1 -8 -25 26 -19 -28 -22 -30
right_child=1 3 5 9 14 13 23 8 -10 10 -12 -13 -14 -15 -16 16 -18 25 19 -21 28 -23 -24 24 -26 -27 27 -29 29 -31
leaf_value=-1.2372667051513888 0.32651088772099573 2.6621644668517264 -0.79984492742302959 4.3227055146352393 -1.1210064072206796 -0.49493740049173252 2.3914571825704569 2.8933340263389891 -0.77290849846142995 5.3023700230157198 -2.7584259174764156 0.85218986568751043 4.4190928972968768 0.67531741834767756 1.5784652469596869 -0.38673885460479251 0.85343778466311826 0.64855614139294337 1.1891485387438028 6.3489540552688863 3.3903131270950491 2.801437197639463 -0.44515098121783048 5.5997560106217863 1.1571387110437665 1.8887115826331002 3.7382195248490291 0.70573160511973709 -3.5642725779460029 2.4052817131464299
leaf_weight=11525 3540 347 3421 286 83 689 553 257 91 67 64 143 258 1311 1394 3386 411 1220 523 59 352 970 861 104 35 970 168 112 26 104
leaf_count=11525 3540 347 3421 286 83 689 553 257 91 67 64 143 258 1311 1394 3386 411 1220 523 59 352 970 861 104 35 970 168 112 26 104
internal_value=0.00252744 1.52462 -0.823618 2.19168 0.733726 -0.341796 1.76673 0.470448 1.93463 2.71451 1.09702 2.27201 2.88642 0.272165 1.42677 -0.511915 -0.252498 1.51016 2.71598 2.20619 1.96298 3.14784 -1.1822 2.8112 4.48111 1.34832 0.998868 2.52522 2.80263 1.21137
internal_weight=33330 11726 21604 6361 5365 9218 3509 3888 348 2852 274 210 2578 2000 1477 7218 3797 2817 2320 1064 1005 1256 12386 692 139 2470 1500 280 482 130
internal_count=33330 11726 21604 6361 5365 9218 3509 3888 348 2852 274 210 2578 2000 1477 7218 3797 2817 2320 1064 1005 1256 12386 692 139 2470 1500 280 482 130
is_linear=0
shrinkage=0.1


Tree=10
num_leaves=31
num_cat=0
split_feature=1 6 1 3 1 3 5 6 4 4 7 4 4 7 3 6 3 4 3 4 7 1 4 4 3 4 4 7 7 3
split_gain=3.48679e+06 469756 353840 103009 89471.4 83239.3 75469.2 55333.6 54020.5 50202.2 49705.1 44952 69202.2 88095.8 77112.9 89875.1 43622.9 43479.3 87422.2 49203.9 42393 41930 40643.9 37967 37335.3 37122.1 47256 47194.4 36552.7 82120.7
threshold=55.42979541218812 5.7755785491500005 92.591720189414289 12.500000000000002 20.848476011090312 15.500000000000002 1.0000000180025095e-35 10.777620622250003 11.500000000000002 2.5000000000000004 4.4237897834000011 9.5000000000000018 6.5000000000000009 8.0709183868500016 18.500000000000004 8.3806457220000024 15.500000000000002 10.500000000000002 11.500000000000002 3.5000000000000004 5.6925659596500013 180.41377281354394 11.500000000000002 10.500000000000002 14.500000000000002 3.5000000000000004 2.5000000000000004 8.1603709238500031 6.4555179020500004 3.5000000000000004
decision_type=2 2 2 2 2 2 2 2 2 2 2 2 2 2 2 2 2 2 2 2 2 2 2 2 2 2 2 2 2 2
left_child=1 4 5 23 16 17 10 -8 9 -9 -4 12 13 14 -7 -16 -1 19 20 -2 -19 24 -20 25 -10 26 -3 -27 -21 -30
right_child=2 3 6 -5 -6 11 7 8 21 -11 -12 -13 -14 -15 15 -17 -18 18 22 28 -22 -23 -24 -25 -26 27 -28 -29 29 -31
leaf_value=-1.3038084296447827 1.4880799889622722 -0.41351068750667297 -0.077498244006058273 0.39501782278801006 -0.65570291108189893 2.223575802632805 1.3944885730582051 0.084407180096758044 0.09899973323711983 2.7422288599862936 2.9005138601585014 2.4360493107154535 0.20927362893094392 2.9396020167748338 -1.5286999246927613 2.0733146298248157 -0.86261835030953327 -0.010047307778412187 1.3028701987862588 0.064216708675647202 2.6380556724700135 -3.4438935041427614 -2.1890009621381763 0.53391942388632085 4.9490086237589521 -0.77016743847280511 1.1225206510562982 0.26287378336374578 1.9880916982548191 0.40258893877889684
leaf_weight=6420 640 550 58 3406 5832 264 1062 76 65 1095 1664 515 387 394 179 113 3443 71 60 1093 407 24 75 451 21 2597 315 533 437 1294
leaf_count=6420 640 550 58 3406 5832 264 1062 76 65 1095 1664 515 387 394 179 113 3443 71 60 1093 407 24 75 451 21 2597 315 533 437 1294
internal_value=0.0139636 -0.650279 1.579 -0.0188005 -0.9662 1.08631 2.29761 1.92822 2.3707 2.56973 2.80021 1.64224 1.33647 1.79566 0.98502 -0.13477 -1.1498 0.83377 1.61007 0.696393 2.24472 0.251916 -0.637058 -0.335819 1.2833 -0.434005 0.145853 -0.594253 0.516974 0.802857
internal_weight=33541 23547 9994 7852 15695 5929 4065 2343 1281 1171 1722 1852 1337 950 556 292 9863 4077 613 3464 478 110 135 4446 86 3995 865 3130 2824 1731
internal_count=33541 23547 9994 7852 15695 5929 4065 2343 1281 1171 1722 1852 1337 950 556 292 9863 4077 613 3464 478 110 135 4446 86 3995 865 3130 2824 1731
is_linear=0
shrinkage=0.1


Tree=11
num_leaves=31
num_cat=0
split_feature=6 6 1 4 3 4 1 7 3 4 4 7 6 4 7 5 4 4 6 3 4 4 6 4 4 3 7 4 1 4
split_gain=2.83511e+06 410774 268648 92274.4 87783.2 82691.2 81195.2 53629.9 45558.9 47151.6 48594.5 45762.8 45541.4 41455.7 103258 64866 46601.7 45572.2 83940.9 56920.2 52451.5 44224.9 41975 75911.7 41200.3 36527.4 67452.8 47555.9 42469.1 39126.1
threshold=7.5515344059000009 5.8529088713500013 104.57910300944958 10.500000000000002 11.500000000000002 5.5000000000000009 14.520995715081591 11.397093521000002 16.500000000000004 7.5000000000000009 2.5000000000000004 1.9028479380500003 8.5530391256500007 11.500000000000002 13.431818439000002 1.0000000180025095e-35 10.500000000000002 5.5000000000000009 14.001057963500005 14.500000000000002 2.5000000000000004 1.5000000000000002 12.191106854000003 7.5000000000000009 10.500000000000002 12.500000000000002 6.5784253909500006 6.5000000000000009 77.251506934174429 7.5000000000000009
decision_type=2 2 2 2 2 2 2 2 2 2 2 2 2 2 2 2 2 2 2 2 2 2 2 2 2 2 2 2 2 2
left_child=1 6 3 5 24 12 -1 25 -8 10 -10 -12 -2 16 15 -15 17 20 19 -19 21 -4 -21 -24 -3 26 -7 28 -27 -29
right_child=2 4 13 -5 -6 7 8 -9 9 -11 11 -13 -14 14 -16 -17 -18 18 -20 22 -22 -23 23 -25 -26 27 -28 29 -30 -31
leaf_value=-1.138367497046584 0.89711240985999052 -0.39582323130676755 4.5029397687604353 1.9436910947750914 0.38234062029111976 -0.75982034915901264 -0.81476440876078005 2.3094457936947319 -1.0678862159763813 -0.90530766858758016 4.5462896585464483 0.14362889997943723 1.7217982626930519 4.5533755839710501 -2.7099841452481455 0.88057302572583207 3.624506191298702 0.8446165170894363 4.5441196436882016 2.818772880924771 2.892942103665888 0.3562668803906599 -2.8074781452737203 2.6712837316773155 0.63241120235159487 1.0024789284432636 0.63469820178919845 -0.42189106275186394 3.5037809306013901 0.99667722287771443
leaf_weight=6303 1257 3741 31 1100 3656 546 7003 165 369 962 24 1450 1433 71 57 149 266 578 100 373 1120 151 41 66 435 170 951 297 113 563
leaf_count=6303 1257 3741 31 1100 3656 546 7003 165 369 962 24 1450 1433 71 57 149 266 578 100 373 1120 151 41 66 435 170 951 297 113 563
internal_value=0.0125673 -0.569534 1.46467 1.10766 0.0245354 0.940305 -0.858327 0.560417 -0.678362 -0.337819 -0.0416045 0.215314 1.33643 2.24869 1.08313 2.06589 2.36713 2.23117 1.77478 1.51303 2.63708 1.06257 2.31792 0.571945 -0.288715 0.451103 0.126076 0.876795 2.00123 0.506776
internal_weight=33541 23943 9598 6595 7832 5495 16111 2805 9808 2805 1843 1474 2690 3003 277 220 2726 2460 1158 1058 1302 182 480 107 4176 2640 1497 1143 283 860
internal_count=33541 23943 9598 6595 7832 5495 16111 2805 9808 2805 1843 1474 2690 3003 277 220 2726 2460 1158 1058 1302 182 480 107 4176 2640 1497 1143 283 860
is_linear=0
shrinkage=0.1


Tree=12
num_leaves=31
num_cat=0
split_feature=6 0 0 3 4 5 3 0 4 3 3 0 6 0 3 4 6 3 4 4 4 4 3 4 3 4 0 4 3 4
split_gain=2.31534e+06 306007 233532 78376.2 61464 58299.4 57059.8 51138.8 46496.5 91153.9 44964.4 39900.4 39028.8 37073 32950.9 33499.1 32376.4 32368.1 30962 55832.4 29874.1 52557.1 50433.7 28859.3 26995.3 26730.4 47734.1 23979.2 23734.1 23377.7
threshold=7.1259091246000024 9.6224591545000031 4.9835147984500008 15.500000000000002 1.5000000000000002 1.0000000180025095e-35 13.500000000000002 8.0224352660500013 11.500000000000002 8.5000000000000018 15.500000000000002 10.777620622250003 7.8145893432500015 2.2892651869500003 7.5000000000000009 11.500000000000002 5.9298857651000016 1.5000000000000002 7.5000000000000009 2.5000000000000004 5.5000000000000009 6.5000000000000009 17.500000000000004 2.5000000000000004 4.5000000000000009 6.5000000000000009 14.938238744000003 9.5000000000000018 15.500000000000002 2.5000000000000004
decision_type=2 2 2 2 2 2 2 2 2 2 2 2 2 2 2 2 2 2 2 2 2 2 2 2 2 2 2 2 2 2
left_child=2 3 10 7 12 20 -4 8 17 24 13 -7 -5 -1 -13 23 27 -2 19 -12 -3 22 -22 -16 -10 -25 28 -8 -27 -9
right_child=1 5 6 4 -6 11 16 29 9 -11 18 14 -14 -15 15 -17 -18 -19 -20 -21 21 -23 -24 25 -26 26 -28 -29 -30 -31
leaf_value=-1.6673680761736809 1.0501305209932059 2.7832404133370403 -0.42303368756191528 -3.0929226174646498 1.3871764864069418 1.083715579123999 -0.091512056014575002 1.6772968030718538 2.0959155058382817 -1.853892330825329 -1.1939702763000288 3.5790364817194984 0.52652901936518526 -0.95179515591630848 0.063365157980185299 -0.049228333919606314 0.31631347061656689 -0.085308482977579869 -1.0113010172306307 -0.15961635892159043 -2.6053924812873208 2.2491417313572977 1.4586312785901523 2.5499417163470159 5.0916094127865072 0.80645418401774782 4.5935045698414676 -1.0647557215144239 2.5321846466798053 0.75195831557676229
leaf_weight=808 292 757 6317 49 2204 1038 1539 309 106 54 701 109 76 6966 78 94 2206 1791 1334 2042 45 818 95 532 42 341 46 303 104 2345
leaf_count=808 292 757 6317 49 2204 1038 1539 309 106 54 701 109 76 6966 78 94 2206 1791 1334 2042 45 818 95 532 42 341 46 303 104 2345
internal_value=0.0113106 1.17499 -0.581896 0.786624 1.26483 1.87074 -0.235212 0.561122 0.214335 1.66289 -0.885109 1.54635 -0.892296 -1.02617 1.91461 1.76279 0.0578877 0.0738601 -0.616136 -0.423955 2.31372 1.94272 0.152338 1.91749 2.94604 2.05886 1.52678 -0.251606 1.20977 0.859694
internal_weight=33541 11325 22216 7268 2329 4057 10365 4939 2285 202 11851 2342 125 7774 1304 1195 4048 2083 4077 2743 1715 958 140 1101 148 1023 491 1842 445 2654
internal_count=33541 11325 22216 7268 2329 4057 10365 4939 2285 202 11851 2342 125 7774 1304 1195 4048 2083 4077 2743 1715 958 140 1101 148 1023 491 1842 445 2654
is_linear=0
shrinkage=0.1


Tree=13
num_leaves=31
num_cat=0
split_feature=0 0 0 7 4 6 5 3 7 3 4 4 5 6 0 7 0 5 7 3 7 0 7 3 7 4 0 0 3 6
split_gain=1.8775e+06 244043 190382 57552.3 57390.6 55620 46192.6 41451.5 39265.5 36827.3 36304.6 47202.8 34178.6 32331.7 32000.2 30493.6 30238.6 29099.7 75700.3 50127.6 39870 33341.9 44368.6 27649.4 29239.1 61878.4 56650.4 47590.4 48410.6 47316.6
threshold=7.1257925802000015 9.6224591545000031 4.9044272603500003 8.0272234701000027 10.500000000000002 8.152702962250002 1.0000000180025095e-35 13.500000000000002 4.4237897834000011 15.500000000000002 5.5000000000000009 7.5000000000000009 1.0000000180025095e-35 6.604201079550001 10.777620622250003 8.5530391256500007 2.9696782035500009 1.0000000180025095e-35 5.6925659596500013 10.500000000000002 8.8497365131000034 8.1525782772500026 9.6224591545000031 10.500000000000002 9.6873228485000009 8.5000000000000018 13.029394797000004 13.431818439000002 15.500000000000002 11.397093521000002
decision_type=2 2 2 2 2 2 2 2 2 2 2 2 2 2 2 2 2 2 2 2 2 2 2 2 2 2 2 2 2 2
left_child=2 4 9 7 5 -2 8 -4 -3 16 -7 -12 -5 -9 -8 -11 -1 18 -6 -19 -20 -22 -23 -16 26 -26 -25 28 29 -27
right_child=1 6 3 12 17 10 14 13 -10 15 11 -13 -14 -15 23 -17 -18 19 20 -21 21 22 -24 24 25 27 -28 -29 -30 -31
leaf_value=-1.2740173060240858 0.29735969531226919 -0.48578566353896574 -0.48479440852725803 0.6500947938717887 -0.5477451265797959 1.2606141997921998 0.97534401537868443 -0.19804588215440436 2.1610761981896269 -0.62383110897260885 0.02281029958133934 1.1338540965791621 -0.32779094907498835 0.56894989162411969 2.4679561701650061 0.65562276918517082 -0.81784035839244185 1.9911128744518813 3.1598592900967861 -0.03318384879767293 -0.25792868435382843 -0.10730999730251455 3.4087949004128717 1.5218693429017094 1.8222258353351604 2.6301102176308633 4.5679616083969945 -3.5980789739834638 3.1297886060343849 -1.8218682493935241
leaf_weight=1970 3152 58 5694 1085 111 1441 1038 2764 1664 3755 789 742 533 686 358 196 5538 208 273 297 81 54 107 349 315 32 74 38 45 94
leaf_count=1970 3152 58 5694 1085 111 1441 1038 2764 1664 3755 789 742 533 686 358 196 5538 208 273 297 81 54 107 349 315 32 74 38 45 94
internal_value=0.0101795 1.05842 -0.523823 -0.221788 0.710866 0.589997 1.67871 -0.319064 2.07193 -0.807487 0.900357 0.561278 0.327961 -0.045536 1.38972 -0.56036 -0.937535 1.36533 1.82092 0.800586 2.33145 1.39692 2.22948 1.71932 1.43631 0.937066 2.05476 -0.397027 0.314318 -0.691207
internal_weight=33541 11320 22221 10762 7255 6124 4065 9144 1722 11459 2972 1531 1618 3450 2343 3951 7508 1131 626 505 515 242 161 1305 947 524 423 209 171 126
internal_count=33541 11320 22221 10762 7255 6124 4065 9144 1722 11459 2972 1531 1618 3450 2343 3951 7508 1131 626 505 515 242 161 1305 947 524 423 209 171 126
is_linear=0
shrinkage=0.1


Tree=14
num_leaves=31
num_cat=0
split_feature=6 0 0 3 7 4 5 4 4 3 0 4 7 7 7 3 6 4 3 3 4 4 4 4 7 7 3 6 3 3
split_gain=1.52282e+06 200313 153369 62411.6 57169.4 49698.9 38338.9 36621.5 44138.3 47649.2 34415.9 32835.9 37574.7 31977 31351.4 30728.9 30416.6 30339 68502.2 28009.7 31200.7 27430.1 29359.8 67150.6 62481.3 41397.9 35186 26387 27747.9 26115.6
threshold=7.1259091246000024 9.6224591545000031 4.8204888899000009 15.500000000000002 8.0272234701000027 1.5000000000000002 1.0000000180025095e-35 2.5000000000000004 6.5000000000000009 16.500000000000004 8.0224352660500013 11.500000000000002 4.5963712286500007 4.4237897834000011 2.9263019566500001 14.500000000000002 7.8145893432500015 11.500000000000002 8.5000000000000018 1.0000000180025095e-35 4.5000000000000009 7.5000000000000009 2.5000000000000004 3.5000000000000004 3.7165783223500006 6.346636783250001 20.500000000000004 10.777620622250003 6.5000000000000009 1.5000000000000002
decision_type=2 2 2 2 2 2 2 2 2 2 2 2 2 2 2 2 2 2 2 2 2 2 2 2 2 2 2 2 2 2
left_child=2 3 7 10 11 16 13 -1 9 -9 17 15 -13 -3 -11 -4 -5 29 -19 20 -6 22 -17 24 -24 -26 -27 -8 -29 -2
right_child=1 6 4 5 19 -7 27 8 -10 14 -12 12 -14 -15 -16 21 -18 18 -20 -21 -22 -23 23 -25 25 26 -28 28 -30 -31
leaf_value=-1.1208895303463724 0.91640990706645464 -0.45380881894053077 -0.47265022482724839 -2.8170214244297576 5.3508544130758811 1.1754256922314317 0.88392231931489018 -0.64476997173101924 -0.85773859534566554 1.3394284872762992 0.68238492606682521 -0.69867026659123832 1.1767882863385448 1.9551049751336311 -0.10885988565919161 -0.69923866359359643 0.37823324925021123 2.4354202229428936 -1.7256032473511167 0.24898921598609852 0.99399130344390874 -0.54093235995030142 4.712324709579593 0.073785146062840576 -0.79161709523626733 5.6328629455566412 0.37858256239157462 3.9170843154191974 1.4663983299361432 -0.1034847113060772
leaf_weight=2019 292 57 6099 49 22 2204 1061 2887 4795 171 2654 165 303 1658 1187 367 76 148 54 1467 65 915 61 1572 70 25 26 48 1233 1791
leaf_count=2019 292 57 6099 49 22 2204 1061 2887 4795 171 2654 165 303 1658 1187 367 76 148 54 1467 65 915 61 1572 70 25 26 48 1233 1791
internal_value=0.00916155 0.952895 -0.471923 0.638678 -0.210334 1.06541 1.51581 -0.735831 -0.649832 -0.414988 0.437449 -0.301394 0.515569 1.87504 0.0735093 -0.343248 -0.874307 0.152959 1.32307 0.352378 2.09573 -0.0832938 0.114132 0.284318 2.10277 0.787203 2.95421 1.25275 1.55823 0.0394866
internal_weight=33541 11325 22216 7268 11157 2329 4057 11059 9040 4245 4939 9603 468 1715 1358 9135 125 2285 202 1554 87 3036 2121 1754 182 121 51 2342 1281 2083
internal_count=33541 11325 22216 7268 11157 2329 4057 11059 9040 4245 4939 9603 468 1715 1358 9135 125 2285 202 1554 87 3036 2121 1754 182 121 51 2342 1281 2083
is_linear=0
shrinkage=0.1


Tree=15
num_leaves=31
num_cat=0
split_feature=0 6 6 5 6 4 4 4 5 4 4 4 0 4 4 3 4 4 3 0 6 3 4 0 4 4 3 3 4 3
split_gain=1.21497e+06 170540 133037 64670.9 46917.9 46392.5 94301.9 44442.6 43145.8 39932.9 42349.8 37637.6 36095.8 74304.2 56485 31396.7 44158.1 27717.2 60178.2 35943.9 41680.5 27211.6 25184.4 26400.3 24853 39018.6 25588.2 23836.9 22459.8 33089
threshold=7.1257925802000015 8.5530391256500007 5.8529088713500013 1.0000000180025095e-35 10.777620622250003 5.5000000000000009 7.5000000000000009 9.5000000000000018 1.0000000180025095e-35 9.5000000000000018 2.5000000000000004 10.500000000000002 13.029394797000004 10.500000000000002 11.500000000000002 11.500000000000002 7.5000000000000009 8.5000000000000018 17.500000000000004 11.258956385500001 8.7892836402000025 17.500000000000004 11.500000000000002 8.3347852440000008 3.5000000000000004 5.5000000000000009 1.0000000180025095e-35 20.500000000000004 11.500000000000002 9.5000000000000018
decision_type=2 2 2 2 2 2 2 2 2 2 2 2 2 2 2 2 2 2 2 2 2 2 2 2 2 2 2 2 2 2
left_child=2 7 8 5 -5 -3 -7 -2 9 10 -1 15 13 17 -14 24 -17 -8 19 20 -19 28 -23 27 -4 26 -26 -24 -9 -30
right_child=1 3 11 4 -6 6 12 21 -10 -11 -12 -13 14 -15 -16 16 -18 18 -20 -21 -22 22 23 -25 25 -27 -28 -29 29 -31
leaf_value=-0.8082970340794825 0.21776160452383275 1.9863244358342109 0.19436181458316881 0.61708326121602763 1.3720083499714326 0.1020277647606289 2.171675640258981 0.23915590252068233 -0.75576104319124304 -0.9069450053714978 -0.19444132531520114 0.62934301417310801 2.3890338987112045 2.9119950253142126 -2.3680860808262461 0.39274916195490572 -0.57667913329242715 2.1280810996030386 1.8119579508053985 2.357092043161392 -2.3277983077075506 2.4614518046218863 1.0804725280174843 3.4852503970265389 0.97444109006361534 -0.22235690595667987 -1.2666993608997459 -2.3246542537913601 1.8709554201583307 -0.31904788657238609
leaf_weight=1430 3715 1241 648 2291 1285 544 174 537 8020 1437 5250 733 48 418 52 1760 641 26 198 30 109 186 52 24 55 1562 691 34 252 95
leaf_count=1430 3715 1241 648 2291 1285 544 174 537 8020 1437 5250 733 48 418 52 1760 641 26 198 30 109 186 52 24 55 1562 691 34 252 95
internal_value=-0.0116028 0.832128 -0.440965 1.17129 0.888358 1.52755 1.17148 0.38758 -0.59126 -0.428725 -0.325851 -0.0427216 1.72294 1.91222 -0.0846685 -0.13468 0.133939 1.13399 0.636585 -0.773861 -1.46963 0.922221 1.7521 0.552658 -0.352865 -0.506506 -1.10147 -0.26574 0.644342 1.27139
internal_weight=33538 11311 22227 6416 3576 2840 1599 4895 16137 8117 6680 6090 1055 955 100 5357 2401 537 363 165 135 1180 296 110 2956 2308 746 86 884 347
internal_count=33538 11311 22227 6416 3576 2840 1599 4895 16137 8117 6680 6090 1055 955 100 5357 2401 537 363 165 135 1180 296 110 2956 2308 746 86 884 347
is_linear=0
shrinkage=0.1


Tree=16
num_leaves=31
num_cat=0
split_feature=0 6 6 5 7 5 7 6 7 4 7 0 4 4 7 4 6 4 7 7 4 4 4 4 0 6 4 7 6 4
split_gain=984126 138138 108984 52383.4 56212.9 44225.5 92306.3 38003.5 37472.4 35998.5 34661.2 34248.1 31342.3 52617.7 44446.7 43223.9 32841.1 30221.6 28829.8 28234.7 76570.3 46887.3 53612.4 29337.5 26997.2 26832.1 26114.5 25984 25657.5 25167.5
threshold=7.1257925802000015 8.5530391256500007 5.097900568600001 1.0000000180025095e-35 6.6949911876000012 1.0000000180025095e-35 5.3407251228000012 10.777620622250003 1.6595420600800002 9.5000000000000018 8.742777525250002 5.9762485505500011 5.5000000000000009 7.5000000000000009 3.8404143689500008 10.500000000000002 9.4808559200000015 2.5000000000000004 4.4803604563000006 13.431818439000002 10.500000000000002 10.500000000000002 5.5000000000000009 4.5000000000000009 10.139211230000003 14.001057963500005 11.500000000000002 9.4226378315000012 10.139211230000003 9.5000000000000018
decision_type=2 2 2 2 2 2 2 2 2 2 2 2 2 2 2 2 2 2 2 2 2 2 2 2 2 2 2 2 2 2
left_child=2 9 10 4 12 6 8 -5 -4 -2 -1 -7 16 -14 -15 29 -3 -12 -13 21 25 22 23 -6 -17 -21 27 -20 -23 -16
right_child=1 3 5 7 19 11 -8 -9 -10 -11 17 18 13 14 15 24 -18 -19 26 20 -22 28 -24 -25 -26 -27 -28 -29 -30 -31
leaf_value=-0.62620232622833594 0.19598544317352792 0.31013234212480745 2.124956831065091 0.55537493905090762 1.6169714118578709 -0.68989828921652241 0.3928871134228904 1.2348075083483749 -0.51867120145386281 0.82999854617607116 -2.4176359256108602 0.5358566439334761 -1.9237073248268193 -2.9826046546300251 1.7448627781360706 6.7301211530512042 2.7419852255450357 0.48903112774542362 -0.48911806084695597 0.28939169137960391 -3.2906235740298317 2.0818071895064669 0.91814711392547432 2.8627345856823481 1.6537017115950583 2.3531401515480073 1.0850708728744871 1.2724670618433844 3.7827517451546719 -2.0012314681349128
leaf_weight=11978 3715 145 55 2291 543 1980 3155 1285 2134 1180 39 513 117 24 47 22 90 432 1727 126 42 239 839 290 20 126 126 88 141 29
leaf_count=11978 3715 145 55 2291 543 1980 3155 1285 2134 1180 39 513 117 24 47 22 90 432 1727 126 42 239 839 290 20 126 126 88 141 29
internal_value=-0.0104425 0.748916 -0.396869 1.05416 1.37479 -0.147017 0.0467042 0.799522 -0.452248 0.348822 -0.593114 -0.380495 0.405265 -0.353462 0.940331 1.73822 1.24148 0.248352 -0.130854 1.57895 0.662425 1.71026 1.48238 2.05067 4.31278 1.32127 -0.307064 -0.403708 2.71295 0.315432
internal_weight=33538 11311 22227 6416 2840 9778 5344 3576 2189 4895 12449 4434 494 259 142 118 235 471 2454 2346 294 2052 1672 833 42 252 1941 1815 380 76
internal_count=33538 11311 22227 6416 2840 9778 5344 3576 2189 4895 12449 4434 494 259 142 118 235 471 2454 2346 294 2052 1672 833 42 252 1941 1815 380 76
is_linear=0
shrinkage=0.1


Tree=17
num_leaves=31
num_cat=0
split_feature=6 6 7 5 3 4 7 7 4 7 3 3 4 4 3 7 6 3 4 4 6 3 3 4 4 4 7 5 7 6
split_gain=799397 171958 53494.6 68375.7 53098.3 50334.7 52733.7 44383.4 42980.8 83230.2 47511.1 40785.9 40008.8 47384.4 43491.7 39894.9 38923 36008.9 33548.9 38431.3 33426.3 30929.2 29443.7 36687.6 47055.7 30199.7 41223.7 27806.5 36540.2 26984.7
threshold=8.022526592700002 6.0742835926000014 6.4014085088000012 1.0000000180025095e-35 4.5000000000000009 10.500000000000002 9.3548569595000028 3.8404143689500008 4.5000000000000009 5.8773129593000011 7.5000000000000009 15.500000000000002 9.5000000000000018 6.5000000000000009 15.500000000000002 8.2918386785000013 10.777620622250003 1.0000000180025095e-35 11.500000000000002 2.5000000000000004 4.0918006754000009 20.500000000000004 11.500000000000002 7.5000000000000009 1.5000000000000002 3.5000000000000004 6.5784253909500006 1.0000000180025095e-35 5.3929023179500017 6.6917738225500019
decision_type=2 2 2 2 2 2 2 2 2 2 2 2 2 2 2 2 2 2 2 2 2 2 2 2 2 2 2 2 2 2
left_child=1 15 4 -4 7 6 22 -2 9 10 -6 -11 13 -10 -14 20 -5 -9 19 -17 -1 -8 25 24 29 26 -3 28 -22 -24
right_child=2 5 3 16 8 -7 21 17 12 11 -12 -13 14 -15 -16 18 -18 -19 -20 -21 27 -23 23 -25 -26 -27 -28 -29 -30 -31
leaf_value=-0.65901862823480029 -2.807729176990688 0.82664419734528305 1.3440811603978919 0.4432686095885105 6.5950793192936832 0.7332888322098311 0.52096510002261343 2.1063130147624434 0.67598513643612579 0.33858414304753148 2.0769357876868937 -4.4689082069396973 0.3873764291460462 -0.97062434415865995 3.303158831360137 -1.6858657751271602 1.147734587391424 -0.71800156750711985 -2.0207390232703517 0.41809670208206784 -0.43887718888462707 2.2718845105946062 0.41294764411913887 -0.44652991118716212 0.51620091638199461 -0.42194569759543676 -0.9070341087993562 -0.55542977387435 0.13314541058265544 -1.9493076003744052
leaf_weight=7368 80 474 2955 2250 26 1075 523 57 388 60 222 25 136 318 82 95 1204 217 70 1008 2675 125 77 762 1923 2872 193 4231 1917 130
leaf_count=7368 80 474 2955 2250 26 1075 523 57 388 60 222 25 136 318 82 95 1204 217 70 1008 2675 125 77 762 1923 2872 193 4231 1917 130
internal_value=-0.00939829 -0.283099 0.861463 0.990948 0.346335 0.0957156 -0.00110473 -0.735494 0.651002 1.62506 2.55061 -1.07538 0.299963 -0.0656888 1.48414 -0.460988 0.688832 -0.130462 0.102159 0.236885 -0.501787 0.85872 -0.0877423 0.148958 0.361991 -0.281169 0.324995 -0.370484 -0.200078 -1.07059
internal_weight=33538 25518 8020 6409 1611 8154 7079 354 1257 333 248 85 924 706 218 17364 3454 274 1173 1103 16191 648 6431 2892 2130 3539 667 8823 4592 207
internal_count=33538 25518 8020 6409 1611 8154 7079 354 1257 333 248 85 924 706 218 17364 3454 274 1173 1103 16191 648 6431 2892 2130 3539 667 8823 4592 207
is_linear=0
shrinkage=0.1


Tree=18
num_leaves=31
num_cat=0
split_feature=0 6 0 5 7 3 7 7 0 7 7 3 7 3 7 7 3 7 7 7 3 7 7 3 7 6 7 3 7 0
split_gain=653839 91897.9 72350.4 35387.4 37574.9 34813.9 49377.3 29550.2 25483.4 24740 48938 23275.8 32095.1 77779.2 26611.9 22456.4 22358.2 28137.3 26057.8 22030.8 21186.6 39261.9 29739.7 20373 30906.9 21185 24704 19723.8 19507 21586.4
threshold=7.1257925802000015 8.5530391256500007 4.566013141800001 1.0000000180025095e-35 7.2515255093000013 17.500000000000004 4.5379727392500007 2.4582243584800008 10.777620622250003 13.029394797000004 14.938238744000003 16.500000000000004 5.4720409169500011 19.500000000000004 4.1948387550000019 8.5530391256500007 1.0000000180025095e-35 3.8404143689500008 4.8204888899000009 16.343272146000004 4.5000000000000009 4.8483211976000016 5.3127239044500012 13.500000000000002 13.029394797000004 9.160264799150001 10.899489923000003 20.500000000000004 9.160264799150001 10.571923787050002
decision_type=2 2 2 2 2 2 2 2 2 2 2 2 2 2 2 2 2 2 2 2 2 2 2 2 2 2 2 2 2 2
left_child=2 11 15 4 20 -4 7 -7 23 -6 -11 16 13 14 -13 -1 17 -2 -19 -12 21 -3 27 24 28 26 -25 -22 29 -5
right_child=1 3 5 8 9 6 -8 -9 -10 10 19 12 -14 -15 -16 -17 -18 18 -20 -21 22 -23 -24 25 -26 -27 -28 -29 -30 -31
leaf_value=-0.55576608299328145 -2.3358650987798515 -1.7535206553398393 -0.25731766053848898 0.17606735276200869 1.4582567224835061 0.83897458754945553 0.3712875254963835 -0.82227652163735332 1.0040315773587245 -0.71903843293709269 2.9685802462853883 2.7904034145647967 0.93861645024977014 -1.5394537045356425 -0.016569863638635409 0.17100543103526147 0.086559859272887854 4.7652643294561479 1.06412083041845 0.71468307743273163 3.0754901211401999 0.63419338221538746 0.28215978859644858 1.8237857139344311 -3.3401225810249651 0.49120228000050004 -1.8259820890426637 0.015319670098168509 0.91262886927016806 -1.7194904707372189
leaf_weight=9532 22 102 9217 980 1876 128 2250 655 1297 163 76 79 964 187 59 445 3361 21 202 101 85 212 197 255 24 575 20 28 361 64
leaf_count=9532 22 102 9217 980 1876 128 2250 655 1297 163 76 79 964 187 59 445 3361 21 202 101 85 212 197 255 24 575 20 28 361 64
internal_value=-0.00845846 0.610493 -0.323434 0.859463 1.12299 -0.160612 0.133266 -0.550705 0.650171 1.31601 0.531152 0.284162 0.648885 -0.210503 1.59032 -0.52335 0.153789 1.07606 1.41266 1.68246 0.437534 -0.141433 1.02397 0.448785 0.218191 0.836455 1.55835 2.31722 0.278973 0.0598646
internal_weight=33538 11311 22227 6416 2840 12250 3033 783 3576 2216 340 4895 1289 325 138 9977 3606 245 223 177 624 314 310 2279 1429 850 275 113 1405 1044
internal_count=33538 11311 22227 6416 2840 12250 3033 783 3576 2216 340 4895 1289 325 138 9977 3606 245 223 177 624 314 310 2279 1429 850 275 113 1405 1044
is_linear=0
shrinkage=0.1


Tree=19
num_leaves=31
num_cat=0
split_feature=0 6 7 3 4 4 7 0 4 3 3 4 6 6 3 7 7 7 3 7 0 3 6 7 7 3 6 7 7 3
split_gain=537077 105961 47539.6 41102.7 39033.2 67402.4 90077.4 56632.5 45178.3 38661.6 35891.4 31800.2 30300.7 29787.9 29630.8 42604.2 53927.9 37207.3 61739.7 34174.5 30144.7 55209.4 92576.5 61305.4 37500.6 27778.1 28870.8 30535.8 26979.1 83035.8
threshold=6.6339513077000012 8.5530391256500007 7.7823034217000018 1.0000000180025095e-35 5.5000000000000009 10.500000000000002 13.431818439000002 14.001057963500005 11.500000000000002 14.500000000000002 13.500000000000002 10.500000000000002 12.426663530500003 4.0918006754000009 20.500000000000004 11.751352280500003 12.426663530500003 9.6224591545000031 10.500000000000002 9.4226378315000012 9.5457699907000002 12.500000000000002 9.8204029509000019 8.3347852440000008 8.2109257780000018 6.5000000000000009 9.160264799150001 4.6253382309000015 8.4284245570000014 19.500000000000004
decision_type=2 2 2 2 2 2 2 2 2 2 2 2 2 2 2 2 2 2 2 2 2 2 2 2 2 2 2 2 2 2
left_child=2 11 13 -4 25 7 8 10 -7 -5 12 28 -6 -1 15 17 -17 20 -19 -16 24 22 -22 -24 -10 26 27 -3 -2 -30
right_child=1 4 3 9 5 6 -8 -9 14 -11 -12 -13 -14 -15 19 16 -18 18 -20 -21 21 -23 23 -25 -26 -27 -28 -29 29 -31
leaf_value=-0.54661247730234541 0.01687982978738271 -2.0888486593961715 1.7765363936838896 -0.40447752654380836 -0.26343968256967759 2.2058052345247474 -2.2550251713820866 2.7757358781316066 0.61835525793688639 0.47482236612326745 0.60466539215662252 0.71207430770419489 1.9337283539049555 -0.28353146292645376 1.0152802833290988 -5.8285680944269354 0.33540984153747561 4.8306739595898414 0.5666984960880308 5.5044624090194709 3.6074765382811083 3.4818895306954021 -5.6250020119451705 0.080071986420080066 -2.9269085767177438 0.87445624976307412 1.9892924052138483 1.1696071655183407 0.075478145638571595 1.9978327238988698
leaf_weight=7238 4805 36 138 1107 1281 449 70 88 70 912 1151 1083 66 10617 43 22 40 57 84 28 43 65 31 48 52 2038 513 143 923 297
leaf_count=7238 4805 36 138 1107 1281 449 70 88 70 912 1151 1083 66 10617 43 22 40 57 84 28 43 65 31 48 52 2038 513 143 923 297
internal_value=-0.00761261 0.479142 -0.336608 0.106835 0.773695 0.561515 1.2164 0.282442 1.45187 -0.00729006 0.194608 0.213183 -0.155783 -0.390178 0.871217 0.605737 -1.85181 0.944332 2.29043 2.78566 0.330092 1.12788 -0.126312 -2.15863 -0.892741 1.06033 1.60775 0.514275 0.123507 0.543461
internal_weight=33538 13526 20012 2157 6418 3688 1102 2586 1032 2019 2498 7108 1347 17855 583 512 62 450 141 71 309 187 122 79 122 2730 692 179 6025 1220
internal_count=33538 13526 20012 2157 6418 3688 1102 2586 1032 2019 2498 7108 1347 17855 583 512 62 450 141 71 309 187 122 79 122 2730 692 179 6025 1220
is_linear=0
shrinkage=0.1


Tree=20
num_leaves=31
num_cat=0
split_feature=0 6 7 7 4 4 4 4 7 0 4 7 4 5 7 4 7 5 4 0 4 5 7 6 7 0 0 7 0 5
split_gain=457669 86078.1 41531.5 41248.4 45038.4 34080.5 29296.3 39497.2 30869 24968.2 28066.8 37261 29113.4 29142.6 29525.6 23523.2 64020.5 31654.2 27796.4 24947.6 22856.6 21848 30199 49836.7 28983.1 37807.3 24016.8 21774.8 21217 21006.5
threshold=6.6615106217500015 10.293620257250002 7.7823034217000018 10.226392472500001 2.5000000000000004 3.5000000000000004 10.500000000000002 6.5000000000000009 7.8201013882500012 3.2877925844500004 11.500000000000002 3.3918212633000002 9.5000000000000018 1.0000000180025095e-35 5.3674130264000013 11.500000000000002 13.029394797000004 1.0000000180025095e-35 10.500000000000002 12.191106854000003 11.500000000000002 1.0000000180025095e-35 9.2874601995000017 9.8204029509000019 9.6224591545000031 8.0648699145000027 8.2017367735000022 12.426663530500003 5.6925659596500013 1.0000000180025095e-35
decision_type=2 2 2 2 2 2 2 2 2 2 2 2 2 2 2 2 2 2 2 2 2 2 2 2 2 2 2 2 2 2
left_child=2 3 9 6 -5 -6 7 -2 -8 -1 12 28 13 14 -11 18 17 -17 29 -18 27 22 23 -10 -24 -26 -23 -4 -12 -3
right_child=1 15 20 4 5 -7 8 -9 21 10 11 -13 -14 -15 -16 16 19 -19 -20 -21 -22 26 24 -25 25 -27 -28 -29 -30 -31
leaf_value=-0.58470694033600146 0.33513718381698804 1.2453526136296367 0.23962577987404657 -1.5577036952120917 2.9338924122660348 0.88427751463580972 1.0561921158116876 -0.12623371684482043 2.0917698841368737 -0.29830500377582314 -1.6687657549977304 0.77236914991289995 -0.71629244145560178 -0.43897210325729008 0.15911372978709745 2.8691420046217515 0.12201833426952363 0.15055610664555286 1.9940790844327621 -3.3456231973939028 -1.1370935273508653 -1.5798049570107071 -2.427838657140732 -2.0981386345099002 -1.5724134718378386 3.5856004344092476 0.26827234169804909 -1.5423768782279863 1.2397340325638653 0.64376614358311413
leaf_weight=3984 5096 1036 2004 70 89 917 825 2918 172 3629 116 486 1714 5563 2309 66 32 122 262 59 141 122 50 34 30 27 166 71 32 1320
leaf_count=3984 5096 1036 2004 70 89 917 825 2918 172 3629 116 486 1714 5563 2309 66 32 122 262 59 141 122 50 34 30 27 166 71 32 1320
internal_value=-0.0108645 0.441286 -0.313358 0.308322 0.894944 1.06561 0.241458 0.167146 0.659081 -0.364094 -0.300629 0.349316 -0.331811 -0.274512 -0.120437 0.923938 0.0510539 1.10495 1.01696 -2.12623 0.0949328 0.113963 0.692315 1.40023 -0.67059 0.870856 -0.514594 0.178651 -1.0399 0.908301
internal_weight=33462 13413 20049 10516 1076 1006 9440 8014 1426 17833 13849 634 13215 11501 5938 2897 279 188 2618 91 2216 601 313 206 107 57 288 2075 148 2356
internal_count=33462 13413 20049 10516 1076 1006 9440 8014 1426 17833 13849 634 13215 11501 5938 2897 279 188 2618 91 2216 601 313 206 107 57 288 2075 148 2356
is_linear=0
shrinkage=0.1


end of trees

feature_importances:
month=183
wind_lag_24h=130
hour=108
wind_speed=82
wind_lag_1h=79
is_daytime=33
wind_speed_2=15

parameters:
[boosting: gbdt]
[objective: regression]
[metric: rmse]
[tree_learner: serial]
[device_type: cpu]
[data_sample_strategy: bagging]
[data: ]
[valid: ]
[num_iterations: 100]
[learning_rate: 0.1]
[num_leaves: 31]
[num_threads: 0]
[seed: 42]
[deterministic: 0]
[force_col_wise: 0]
[force_row_wise: 0]
[histogram_pool_size: -1]
[max_depth: -1]
[min_data_in_leaf: 20]
[min_sum_hessian_in_leaf: 0.001]
[bagging_fraction: 0.8]
[pos_bagging_fraction: 1]
[neg_bagging_fraction: 1]
[bagging_freq: 5]
[bagging_seed: 400]
[bagging_by_query: 0]
[feature_fraction: 0.9]
[feature_fraction_bynode: 1]
[feature_fraction_seed: 30056]
[extra_trees: 0]
[extra_seed: 12879]
[early_stopping_round: 0]
[early_stopping_min_delta: 0]
[first_metric_only: 0]
[max_delta_step: 0]
[lambda_l1: 0]
[lambda_l2: 0]
[linear_lambda: 0]
[min_gain_to_split: 0]
[drop_rate: 0.1]
[max_drop: 50]
[skip_drop: 0.5]
[xgboost_dart_mode: 0]
[uniform_drop: 0]
[drop_seed: 17869]
[top_rate: 0.2]
[other_rate: 0.1]
[min_data_per_group: 100]
[max_cat_threshold: 32]
[cat_l2: 10]
[cat_smooth: 10]
[max_cat_to_onehot: 4]
[top_k: 20]
[monotone_constraints: ]
[monotone_constraints_method: basic]
[monotone_penalty: 0]
[feature_contri: ]
[forcedsplits_filename: ]
[refit_decay_rate: 0.9]
[cegb_tradeoff: 1]
[cegb_penalty_split: 0]
[cegb_penalty_feature_lazy: ]
[cegb_penalty_feature_coupled: ]
[path_smooth: 0]
[interaction_constraints: ]
[verbosity: -1]
[saved_feature_importance_type: 0]
[use_quantized_grad: 0]
[num_grad_quant_bins: 4]
[quant_train_renew_leaf: 0]
[stochastic_rounding: 1]
[linear_tree: 0]
[max_bin: 255]
[max_bin_by_feature: ]
[min_data_in_bin: 3]
[bin_construct_sample_cnt: 200000]
[data_random_seed: 175]
[is_enable_sparse: 1]
[enable_bundle: 1]
[use_missing: 1]
[zero_as_missing: 0]
[feature_pre_filter: 1]
[pre_partition: 0]
[two_round: 0]
[header: 0]
[label_column: ]
[weight_column: ]
[group_column: ]
[ignore_column: ]
[categorical_feature: ]
[forcedbins_filename: ]
[precise_float_parser: 0]
[parser_config_file: ]
[objective_seed: 16083]
[num_class: 1]
[is_unbalance: 0]
[scale_pos_weight: 1]
[sigmoid: 1]
[boost_from_average: 1]
[reg_sqrt: 0]
[alpha: 0.9]
[fair_c: 1]
[poisson_max_delta_step: 0.7]
[tweedie_variance_power: 1.5]
[lambdarank_truncation_level: 30]
[lambdarank_norm: 1]
[label_gain: ]
[lambdarank_position_bias_regularization: 0]
[eval_at: ]
[multi_error_top_k: 1]
[auc_mu_weights: ]
[num_machines: 1]
[local_listen_port: 12400]
[time_out: 120]
[machine_list_filename: ]
[machines: ]
[gpu_platform_id: -1]
[gpu_device_id: -1]
[gpu_use_dp: 0]
[num_gpu: 1]

end of parameters

pandas_categorical:[]
