tree
version=v4
num_class=1
num_tree_per_iteration=1
label_index=0
max_feature_idx=7
objective=regression
feature_names=wind_speed wind_speed_2 wind_speed_3 hour month is_daytime wind_lag_1h wind_lag_24h
feature_infos=[0.020567311000000001:24.974432] [0.00042301428177072105:623.72225372262403] [8.7002662906200508e-06:15577.10901248242] [0:23] [1:12] [0:1] [0.020567311000000001:24.974432] [0.020567311000000001:24.974432]
tree_sizes=2686 2735 2710 2739 2729 2739 2732 2733 2726 2768 2753 2743 2731 2746 2762 2740 2798 2722 2761 2752 2731 2758 2742 2744 2752

Tree=0
num_leaves=31
num_cat=0
split_feature=6 0 6 3 3 6 0 4 4 7 6 4 4 4 3 4 0 3 3 4 7 4 0 0 7 3 3 0 0 4
split_gain=2.15082e+07 3.97708e+06 2.47739e+06 1.14731e+06 525583 522527 428955 318908 316354 321310 316060 252708 251618 200914 186812 183183 185727 143082 132648 115248 105248 106924 99154.6 95427 95172 89474.8 155546 83424.7 78602.8 77300
threshold=9.9514455000000002 6.6506540000000003 11.678864500000001 10.500000000000002 10.500000000000002 4.8031915000000005 13.560727250000001 10.500000000000002 11.500000000000002 15.369225000000002 8.3598420000000022 10.500000000000002 4.5000000000000009 6.5000000000000009 14.500000000000002 10.500000000000002 8.6005990000000008 15.500000000000002 5.5000000000000009 9.5000000000000018 7.0548091500000014 5.5000000000000009 8.252692500000002 10.636198250000001 8.1454755000000016 8.5000000000000018 16.500000000000004 15.369225000000002 15.369225000000002 10.500000000000002
decision_type=2 2 2 2 2 2 2 2 2 2 2 2 2 2 2 2 2 2 2 2 2 2 2 2 2 2 2 2 2 2
left_child=1 5 4 15 7 -1 11 20 28 25 -5 12 -4 -6 -14 22 -17 -7 -13 -15 -2 23 -3 -22 -19 -10 27 -27 29 -8
right_child=2 3 6 10 13 17 8 -9 9 -11 -12 18 14 19 -16 16 -18 24 -20 -21 21 -23 -24 -25 -26 26 -28 -29 -30 -31
leaf_value=46.134972349100345 48.870649448274925 47.438189034494506 55.401259770393061 49.506945085917792 54.052788656563855 47.016663709786712 56.085808890498363 53.563016832291588 61.570587414844219 47.014689892871559 51.016686979666474 59.079158326461872 52.072477548297059 51.088749774379806 54.636266186387147 48.37838829475622 52.124152941051051 47.739477092694777 55.485448916978129 53.179840913713591 50.412817244992965 49.889647357816798 48.353373875157253 53.104227407429349 49.549271537708847 53.648581868221413 58.721747588844238 45.886419552905743 57.801149232065256 59.813957701467857
leaf_weight=8330 447 2203 726 3109 963 3829 761 335 21 65 2503 133 749 569 458 337 218 1601 451 491 266 755 2559 261 355 45 49 20 699 60
leaf_count=8330 447 2203 726 3109 963 3829 761 335 21 65 2503 133 749 569 458 337 218 1601 451 491 266 755 2559 261 355 45 49 20 699 60
internal_value=49.2146 47.7509 53.6183 49.183 51.8618 46.642 55.3127 50.7391 56.5299 52.7911 50.1803 54.4809 53.9302 53.0072 53.0453 48.1304 49.8497 47.3721 56.3039 52.0574 50.1919 50.6526 47.93 51.7458 48.0679 55.5723 54.4674 51.2602 57.0218 56.3583
internal_weight=33368 25044 8324 10929 4087 14115 4237 2064 1720 200 5612 2517 1933 2023 1207 5317 555 5785 584 1060 1729 1282 4762 527 1956 135 114 65 1520 821
internal_count=33368 25044 8324 10929 4087 14115 4237 2064 1720 200 5612 2517 1933 2023 1207 5317 555 5785 584 1060 1729 1282 4762 527 1956 135 114 65 1520 821
is_linear=0
shrinkage=1


Tree=1
num_leaves=31
num_cat=0
split_feature=0 0 0 3 3 0 0 4 0 4 7 0 4 4 4 5 4 4 3 7 3 7 7 5 0 0 3 7 7 7
split_gain=1.74182e+07 3.21608e+06 2.02868e+06 967479 408026 345071 316447 301373 299104 255655 260261 191406 227728 190989 190614 177039 158475 132321 119837 105803 109090 121304 100118 98269.6 141025 96255.4 95990.3 94603.8 89806.5 87372.1
threshold=9.9524920000000012 6.4167607500000008 11.753666500000001 11.500000000000002 9.5000000000000018 4.9024989500000009 13.560727250000001 10.500000000000002 8.2148255000000017 11.500000000000002 15.369225000000002 8.0595690000000015 10.500000000000002 6.5000000000000009 10.500000000000002 1.0000000180025095e-35 4.5000000000000009 8.5000000000000018 14.500000000000002 13.148523000000003 20.500000000000004 9.6015595000000022 12.327450000000001 1.0000000180025095e-35 15.369225000000002 10.582531000000001 15.500000000000002 8.1454755000000016 10.847073000000004 7.1979704000000009
decision_type=2 2 2 2 2 2 2 2 2 2 2 2 2 2 2 2 2 2 2 2 2 2 2 2 2 2 2 2 2 2
left_child=1 5 4 11 7 -1 14 29 -5 -8 23 -3 28 -6 16 -16 22 -15 -18 20 -10 -22 -4 -11 -25 -19 -7 -28 -13 -2
right_child=2 3 6 8 13 26 9 -9 19 10 -12 12 -14 17 15 -17 18 25 -20 -21 21 -23 -24 24 -26 -27 27 -29 -30 -31
leaf_value=-2.7337744258963048 -0.30279401422587371 -1.5804295383086746 4.6544143889855158 0.19655376091674853 4.316867763742013 -1.995937198125576 7.0430398832874452 4.1107221674602643 2.0005061334491345 9.2057499174978226 -1.9586727611835189 -0.94740764327472982 2.0841613641055301 1.1448110486270866 8.636805944896496 4.9568599873837442 2.8009346089836487 1.8314914944398144 4.915132478905055 6.2690035564558855 -0.11224976549617877 3.1061311084396985 7.1929741452011884 6.0816785956582713 -3.2375760165127847 4.1990810218129466 -1.3755591755525782 0.72362939813557803 0.5597510504668235 1.3045894663771263
leaf_weight=8644 478 2721 451 3039 1091 3080 1522 339 1765 51 65 2608 320 455 222 318 704 274 433 49 576 147 237 62 22 460 1358 255 466 1156
leaf_count=8644 478 2721 451 3039 1091 3080 1522 339 1765 51 65 2608 320 455 222 318 704 274 433 49 576 147 237 62 22 460 1358 255 466 1156
internal_value=0.0212264 -1.29766 3.97914 -0.0869101 2.45025 -2.35898 5.57014 1.39732 0.865737 6.60135 3.24008 -0.955587 -0.454645 3.3614 4.8193 6.46973 4.33095 2.48469 3.60608 1.66733 1.5767 0.54211 5.52889 5.74319 3.64092 3.31527 -1.66865 -1.0437 -0.718931 0.834376
internal_weight=33368 25028 8340 11691 4253 13337 4087 1973 5576 1722 200 6115 3394 2280 2365 540 1825 1189 1137 2537 2488 723 688 135 84 734 4693 1613 3074 1634
internal_count=33368 25028 8340 11691 4253 13337 4087 1973 5576 1722 200 6115 3394 2280 2365 540 1825 1189 1137 2537 2488 723 688 135 84 734 4693 1613 3074 1634
is_linear=0
shrinkage=0.1


Tree=2
num_leaves=31
num_cat=0
split_feature=6 6 6 3 1 3 4 6 4 7 4 6 6 1 4 4 3 4 4 3 6 4 3 4 3 7 5 1 3 7
split_gain=1.41664e+07 2.61605e+06 1.63849e+06 794752 371756 370594 273606 164251 212901 206377 161454 159710 154341 146074 155850 132737 140117 122806 110539 158159 102440 101314 103887 99374.2 89901.7 86371.4 82501.2 111756 76410.8 99384
threshold=9.9514455000000002 6.6902430000000015 12.142879000000002 11.500000000000002 25.400141447368579 13.500000000000002 10.500000000000002 13.560727250000001 11.500000000000002 15.369225000000002 4.5000000000000009 8.3598420000000022 10.792458000000002 81.402979974089007 10.500000000000002 10.500000000000002 6.5000000000000009 6.5000000000000009 11.500000000000002 14.500000000000002 12.492690000000001 5.5000000000000009 6.5000000000000009 9.5000000000000018 13.500000000000002 12.231616750000002 1.0000000180025095e-35 236.213083117834 20.500000000000004 9.5620902500000025
decision_type=2 2 2 2 2 2 2 2 2 2 2 2 2 2 2 2 2 2 2 2 2 2 2 2 2 2 2 2 2 2
left_child=1 4 5 13 -1 6 10 15 -9 26 12 -5 -2 -3 -15 21 -17 28 20 -20 -18 25 -23 -19 -6 -4 -10 -28 -7 -30
right_child=2 3 7 11 24 17 -8 8 9 -11 -12 -13 -14 14 -16 16 18 23 19 -21 -22 22 -24 -25 -26 -27 27 -29 29 -31
leaf_value=-2.4459599821281248 0.91499756223766515 -1.1226497643058735 4.0531719748767054 0.40565075063472134 -1.7577210264919352 5.0245030112195224 3.7783400685784936 6.3540950476605929 8.271309750813705 -1.6440630670803698 0.78322403646859151 1.5320960212130652 4.0729712030891081 -0.33121251576239696 2.9035002798919223 9.260434687579119 3.0989385361574135 1.7997227244850831 0.30790081875664849 7.6546615685356985 8.6621493844424986 1.4543501379010886 4.0941003411705159 3.7651543065039572 -0.92605399898324292 6.4010651736937723 5.4567464620902619 -2.9138181166215378 1.8041817913598874 5.6525798091888433
leaf_weight=9016 282 4071 392 2767 2927 585 526 1523 52 67 1805 2309 343 1450 166 108 49 531 84 45 102 219 467 499 2338 261 58 22 204 100
leaf_count=9016 282 4071 392 2767 2927 585 526 1523 52 67 1805 2309 343 1450 166 108 49 531 84 45 102 219 467 499 2338 261 58 22 204 100
internal_value=0.0191037 -1.16879 3.59307 0.00849773 -2.05607 2.41298 1.71048 5.26107 5.95217 2.8761 1.26287 0.918055 2.64809 -0.803338 0.00106615 4.57198 6.20061 3.49511 5.0204 2.87072 6.85687 4.10005 3.25138 2.75191 -1.38841 4.99161 5.17042 3.15484 4.35618 3.0701
internal_weight=33368 25044 8324 10763 14281 4875 2956 3449 1722 199 2430 5076 625 5687 1616 1727 388 1919 280 129 151 1339 686 1030 5265 653 132 80 889 304
internal_count=33368 25044 8324 10763 14281 4875 2956 3449 1722 199 2430 5076 625 5687 1616 1727 388 1919 280 129 151 1339 686 1030 5265 653 132 80 889 304
is_linear=0
shrinkage=0.1


Tree=3
num_leaves=31
num_cat=0
split_feature=6 0 0 6 0 4 6 4 4 7 4 7 4 0 4 4 5 4 7 4 6 7 4 7 4 5 4 7 4 7
split_gain=1.14996e+07 1.88412e+06 1.66971e+06 303523 258522 175306 170219 128433 186045 143959 113693 217140 142472 183204 122581 115098 102959 90586.7 87015.1 122095 83042.8 110280 80296.7 78490.5 75866.2 74709.3 73746.8 79825.2 101186 66224.5
threshold=9.6921900000000019 6.0041100000000016 11.397019500000003 12.667809000000002 8.0595690000000015 10.500000000000002 4.2256480000000005 10.500000000000002 6.5000000000000009 8.2929305000000024 11.500000000000002 15.720569500000002 10.500000000000002 15.022593000000002 5.5000000000000009 7.5000000000000009 1.0000000180025095e-35 11.500000000000002 7.0548091500000014 6.5000000000000009 15.369225000000002 11.189344500000002 1.5000000000000002 3.0565036500000002 2.5000000000000004 1.0000000180025095e-35 6.5000000000000009 3.9612762000000004 10.500000000000002 8.8342900000000011
decision_type=2 2 2 2 2 2 2 2 2 2 2 2 2 2 2 2 2 2 2 2 2 2 2 2 2 2 2 2 2 2
left_child=1 6 7 17 22 18 -1 8 9 -2 12 16 13 14 24 -16 -12 -4 -6 -20 21 -18 -3 -7 -5 -19 -24 -28 -29 -14
right_child=2 4 3 10 5 23 -8 -9 -10 -11 11 -13 29 -15 15 -17 20 25 19 -21 -22 -23 26 -25 -26 -27 27 28 -30 -31
leaf_value=-2.3406580243194832 1.011898844895305 -1.8470843482983388 3.1878180911375598 3.4969032396360777 -0.44001504648941314 -1.6204251633690938 -1.583358293759112 2.962362177231312 0.60750922366812632 2.6933923508879376 7.0145618828860199 -2.2233499365337823 2.3895802235603334 6.2536770818074947 1.5545788398924028 4.3815622193718786 -0.12271288690525434 6.9388506559371947 0.98754771766396754 -0.32449179225241154 -2.8521720886230471 6.3116210951549672 -0.22930967336824779 2.3231990194134049 5.7942036641181058 3.6530182192931253 -2.02717533382146 -1.065459826130869 0.38371139734966486 8.4568636963487336
leaf_weight=6762 842 523 1820 194 1955 56 5290 625 1623 1288 99 59 20 797 235 372 43 125 1650 1244 22 70 3271 511 555 155 532 1792 659 179
leaf_count=6762 842 523 1820 194 1955 56 5290 625 1623 1288 99 59 20 797 235 372 43 125 1650 1244 22 70 3271 511 555 155 532 1792 659 179
internal_value=0.0171934 -1.12157 3.04354 4.34303 -0.245143 0.269935 -2.00826 1.63512 1.41409 2.02869 5.05567 3.19813 5.28707 5.05046 4.34325 3.2871 4.56509 3.44543 0.075388 0.423561 2.76881 3.86316 -0.656779 1.93371 5.19918 5.11991 -0.557238 -0.916827 -0.675821 7.84709
internal_weight=33368 24245 9123 4745 12193 5416 12052 4378 3753 2130 2645 293 2352 2153 1356 607 234 2100 4849 2894 135 113 6777 567 749 280 6254 2983 2451 199
internal_count=33368 24245 9123 4745 12193 5416 12052 4378 3753 2130 2645 293 2352 2153 1356 607 234 2100 4849 2894 135 113 6777 567 749 280 6254 2983 2451 199
is_linear=0
shrinkage=0.1


Tree=4
num_leaves=31
num_cat=0
split_feature=0 0 6 3 3 6 4 0 4 4 0 4 4 3 6 5 3 4 3 4 0 4 4 3 0 3 3 4 4 0
split_gain=9.33627e+06 1.52924e+06 1.34929e+06 610816 332233 236857 178023 177745 147361 139794 152940 116217 126626 103631 101852 97223.9 92228.5 87021.6 82541.5 81836.9 80295.7 74567.3 73101.7 68774.3 67399.8 67027.6 83842.1 61791.7 92403.1 61253
threshold=9.692257500000002 6.6902430000000015 11.678864500000001 11.500000000000002 9.5000000000000018 5.0845526500000009 10.500000000000002 13.560727250000001 6.5000000000000009 11.500000000000002 15.720569500000002 10.500000000000002 4.5000000000000009 14.500000000000002 8.3598420000000022 1.0000000180025095e-35 15.500000000000002 11.500000000000002 19.500000000000004 8.5000000000000018 10.582531000000001 2.5000000000000004 1.5000000000000002 14.500000000000002 3.0565036500000002 9.5000000000000018 16.500000000000004 2.5000000000000004 3.5000000000000004 6.1752546000000006
decision_type=2 2 2 2 2 2 2 2 2 2 2 2 2 2 2 2 2 2 2 2 2 2 2 2 2 2 2 2 2 2
left_child=1 5 4 17 6 24 22 11 18 -9 25 12 -4 -14 -5 -13 -7 -3 21 -10 -21 -6 -2 -23 -1 -11 -27 -18 29 -29
right_child=2 3 7 14 8 16 -8 9 19 10 -12 15 13 -15 -16 -17 27 -19 -20 20 -22 23 -24 -25 -26 26 -28 28 -30 -31
leaf_value=-2.2887076176432481 2.6096477747846532 -0.89453026801982771 4.1822651249459479 0.37082813560587358 2.0854190772229972 -1.4380674130383582 2.7674691490014722 5.1593420394321319 0.69546883457915998 8.8707983016967784 -1.0753743328625642 6.2983920545159418 1.778648835306293 3.6910929189368633 1.3110784761707892 3.6742671667309348 -2.1290343931703659 1.1288090858910536 1.976614293667871 1.2498733327132263 3.2483171448049739 3.2790719560377717 0.19788565714096468 5.3487660485408348 -1.7407194459930968 0.6238447580199975 6.6713888732034992 3.8852922557330718 -0.55233355249519311 -0.81087029320853099
leaf_weight=4018 135 5001 724 2799 209 3399 366 1520 529 28 79 239 743 458 1958 345 216 222 394 384 422 339 1820 305 5085 52 41 82 1414 42
leaf_count=4018 135 5001 724 2799 209 3399 366 1520 529 28 79 239 743 458 1958 345 216 222 394 384 422 339 1820 305 5085 52 41 82 1414 42
internal_value=0.015474 -1.0113 2.74049 -0.0619149 1.61159 -1.67592 0.743364 4.04931 2.39205 4.83232 2.34697 3.51254 3.13767 2.50796 0.757839 4.74818 -1.13416 -0.80853 3.17371 1.66191 2.2962 3.72665 0.364427 4.25928 -1.9826 4.5814 3.28997 -0.54523 -0.322797 2.29466
internal_weight=33368 24236 9132 9980 4903 14256 2321 4229 2582 1720 200 2509 1925 1201 4757 584 5153 5223 1247 1335 806 853 1955 644 9103 121 93 1754 1538 124
internal_count=33368 24236 9132 9980 4903 14256 2321 4229 2582 1720 200 2509 1925 1201 4757 584 5153 5223 1247 1335 806 853 1955 644 9103 121 93 1754 1538 124
is_linear=0
shrinkage=0.1


Tree=5
num_leaves=31
num_cat=0
split_feature=0 0 0 3 3 0 7 4 7 4 7 3 7 4 4 4 4 7 3 4 0 0 4 4 3 7 7 4 4 3
split_gain=7.46033e+06 1.4607e+06 720316 468044 215193 191027 160138 122990 108397 119178 234916 160948 107085 97500.2 95006.9 87116.1 147619 126159 235196 92004.1 86344 84991.6 78561.7 109682 75781.5 84183.3 75662.8 71402.1 69184.7 68333.7
threshold=10.094163500000002 6.6902430000000015 12.142879000000002 11.500000000000002 13.500000000000002 4.2751612000000003 8.2929305000000024 10.500000000000002 12.231616750000002 11.500000000000002 15.720569500000002 11.500000000000002 13.560727250000001 6.5000000000000009 7.5000000000000009 6.5000000000000009 10.500000000000002 7.0900544000000005 18.500000000000004 4.5000000000000009 10.527410000000001 8.7938340000000021 10.500000000000002 5.5000000000000009 13.500000000000002 3.6235986000000007 10.847073000000004 3.5000000000000004 1.5000000000000002 11.500000000000002
decision_type=2 2 2 2 2 2 2 2 2 2 2 2 2 2 2 2 2 2 2 2 2 2 2 2 2 2 2 2 2 2
left_child=1 5 4 7 6 -1 -2 26 -4 -10 11 -11 15 -6 -15 17 -17 18 -5 27 -16 -9 23 -8 -7 -26 -3 28 -19 -24
right_child=2 3 8 12 13 24 22 21 9 10 -12 -13 -14 14 20 16 -18 19 -20 -21 -22 -23 29 -25 25 -27 -28 -29 -30 -31
leaf_value=-1.8683907126495249 0.1949587382799042 -0.8950665433646503 3.2012110262351641 1.8569813272951148 3.5611438869681096 -1.4249961717481134 2.4999064371563375 -0.14762676826249513 4.6173135800312899 8.514936242280184 -3.2720655150332698 1.4128650915928376 4.8124739607175195 0.51546667203333485 0.73691313148241999 -0.20949424892131754 1.5856237536443301 0.014807954899690771 -0.89787122851303713 2.4959201098096191 3.3241911512483799 2.3105690104155139 3.7053315461820859 0.74625118278973079 -1.7324740194427417 -0.51084928443610156 0.21051619097455548 -0.81027517685523398 2.2477675398216421 -0.17659988043443212
leaf_weight=6995 881 4490 1608 553 776 4119 630 378 1590 54 59 78 63 283 171 1858 608 216 705 711 525 224 314 822 724 2554 718 182 388 53
leaf_count=6995 881 4490 1608 553 776 4119 630 378 1590 54 59 78 63 283 171 1858 608 216 705 711 525 224 314 822 724 2554 718 182 388 53
internal_value=0.000938354 -0.829064 2.69771 0.0332111 1.8619 -1.49374 1.30157 -0.586219 3.79641 4.33379 1.9736 4.31826 0.714303 2.72395 2.06036 0.664852 0.233098 1.05132 0.313125 1.67165 2.68852 0.767051 1.83753 1.50713 -1.13946 -0.780665 -0.742646 0.926033 1.44923 3.14473
internal_weight=33330 25486 7844 11094 4455 14392 2700 5810 3389 1781 191 132 5284 1755 979 5221 2466 2755 1258 1497 696 602 1819 1452 7397 3278 5208 786 604 367
internal_count=33330 25486 7844 11094 4455 14392 2700 5810 3389 1781 191 132 5284 1755 979 5221 2466 2755 1258 1497 696 602 1819 1452 7397 3278 5208 786 604 367
is_linear=0
shrinkage=0.1


Tree=6
num_leaves=31
num_cat=0
split_feature=6 0 6 3 3 4 0 4 0 3 4 7 3 4 0 0 4 7 4 0 4 4 3 3 4 4 3 7 7 7
split_gain=6.10368e+06 930794 883336 353230 242952 166762 142238 132462 89556.6 86064.5 81801.4 168886 125301 121906 161107 80457.9 74739 74672.1 65546.6 64960.1 64642.7 131526 67217.4 67014.3 64474.4 75674.4 63797.4 106997 61375 58442
threshold=9.5621250000000018 5.925288000000001 11.397019500000003 12.500000000000002 8.5000000000000018 10.500000000000002 12.667809000000002 6.5000000000000009 3.2261771500000003 14.500000000000002 11.500000000000002 15.720569500000002 7.5000000000000009 10.500000000000002 15.022593000000002 8.2148255000000017 7.5000000000000009 8.2187690000000035 10.500000000000002 8.7938340000000021 5.5000000000000009 7.5000000000000009 15.500000000000002 12.500000000000002 2.5000000000000004 6.5000000000000009 19.500000000000004 9.6919270000000015 9.6467440000000018 9.6919270000000015
decision_type=2 2 2 2 2 2 2 2 2 2 2 2 2 2 2 2 2 2 2 2 2 2 2 2 2 2 2 2 2 2
left_child=1 8 4 18 5 -2 9 -6 -1 17 13 12 -12 14 20 24 -9 -4 -3 -20 23 -22 -23 -8 -5 28 -17 -28 -26 -15
right_child=2 3 6 15 7 -7 10 16 -10 -11 11 -13 -14 29 -16 26 -18 -19 19 -21 21 22 -24 -25 25 -27 27 -29 -30 -31
leaf_value=-1.8292624463272713 0.057996192836561503 -0.82992781628889201 0.52051854103917827 -1.0164722561455704 2.5620749793063755 2.6768057153799703 4.441465488784015 -0.090824888738444964 -1.262499469562103 3.3756757427313269 7.678163103103639 -2.8311091238992256 2.0393014777411698 3.0324169699350993 4.7538613052365557 1.3770493323648976 1.6021823359762455 2.4058132804898218 -0.30422570208314009 2.0636059397742863 0.33747407776393973 2.3312694553126638 5.1333408613558174 2.5066012858493645 0.48121024117904199 -0.24089574134108133 -0.2905851881685973 2.8089186438940525 2.254727668606717 7.1320344488605176
leaf_weight=4493 1848 5918 261 465 1291 280 400 361 7347 751 50 57 186 45 772 1111 939 1077 547 147 237 234 135 324 1287 1566 685 133 230 153
leaf_count=4493 1848 5918 261 465 1291 280 400 361 7347 751 50 57 186 45 772 1111 939 1077 547 147 237 234 135 324 1287 1566 685 133 230 153
internal_value=0.000844515 -0.847365 2.15985 -0.230138 1.19432 0.402576 3.13301 1.84458 -1.47757 2.51893 3.62773 2.05408 3.23398 3.8282 3.60476 0.363783 1.13205 2.03805 -0.722107 0.197318 2.93776 2.17574 3.35642 3.57559 0.0811732 0.246728 0.883586 0.213368 0.750102 6.2003
internal_weight=33330 23929 9401 12089 4719 2128 4682 2591 11840 2089 2593 293 236 2300 2102 5477 1300 1338 6612 694 1330 606 369 724 3548 3083 1929 818 1517 198
internal_count=33330 23929 9401 12089 4719 2128 4682 2591 11840 2089 2593 293 236 2300 2102 5477 1300 1338 6612 694 1330 606 369 724 3548 3083 1929 818 1517 198
is_linear=0
shrinkage=0.1


Tree=7
num_leaves=31
num_cat=0
split_feature=0 6 3 6 3 6 4 0 4 7 7 7 0 7 4 7 7 3 3 3 4 0 4 4 4 4 3 3 3 7
split_gain=4.96693e+06 1.11927e+06 365726 349951 131344 126515 122796 117831 106420 102030 92214.1 88499.5 70697 70125.4 73324.2 167537 68711.3 64177 62898.8 61941 61147.5 62135.8 89236.6 106399 82273.8 58523.3 57630 61223.5 55176.5 87795.7
threshold=10.377361500000001 6.6902430000000015 9.5000000000000018 12.142879000000002 13.500000000000002 8.7521490000000011 2.5000000000000004 5.1348564500000009 10.500000000000002 13.731321000000003 3.6792941000000003 8.2929305000000024 7.6792486000000011 12.231616750000002 11.500000000000002 15.369225000000002 10.792458000000002 21.500000000000004 15.500000000000002 1.5000000000000002 10.500000000000002 15.369225000000002 5.5000000000000009 7.5000000000000009 2.5000000000000004 6.5000000000000009 11.500000000000002 16.500000000000004 12.500000000000002 9.1090880000000016
decision_type=2 2 2 2 2 2 2 2 2 2 2 2 2 2 2 2 2 2 2 2 2 2 2 2 2 2 2 2 2 2
left_child=1 6 8 4 11 25 -1 28 16 17 -10 -2 -12 18 20 26 -3 -7 -5 -13 21 22 24 -24 -15 -4 -16 -28 -8 -30
right_child=3 2 5 13 -6 9 7 -9 10 -11 12 19 -14 14 15 -17 -18 -19 -20 -21 -22 -23 23 -25 -26 -27 27 -29 29 -31
leaf_value=-1.8982478158755436 0.28092483459988732 -0.83828726847292057 0.57984324593889092 2.1307557792932093 2.4146222375937687 1.2774635950235624 -1.59264482685803 -0.68379080810284887 -2.3549533448749926 5.796129157750503 -0.75106733335081 3.3402329436232971 1.9685465012462484 1.8872054224884189 6.7258736785577273 -1.8312569761276245 0.2351931781857608 -0.033772917242006845 3.4536232612079085 1.3895481246145032 5.8695890530463188 4.3714014474657628 -0.34828542038036958 3.121501086254316 4.6643995848001607 -0.19389903462713676 -0.49745631346831454 5.6391934592148356 -1.1943732915355352 0.6622306040850553
leaf_weight=2286 717 4091 2161 1010 1467 2099 3985 4365 82 46 129 186 369 148 49 80 698 454 558 1304 124 577 137 249 382 1785 37 29 3451 275
leaf_count=2286 717 4091 2161 1010 1467 2099 3985 4365 82 46 129 186 369 148 49 80 698 454 558 1304 124 577 137 249 382 1785 37 29 3451 275
internal_value=0.000760057 -0.631746 0.084837 2.35683 1.68125 0.586649 -1.22619 -1.09897 -0.526889 1.12839 0.752413 1.19378 1.26407 3.09117 3.51488 1.68307 -0.681827 1.04429 2.60152 1.63306 3.73579 3.55857 3.04656 1.89 3.88888 0.229836 4.12781 2.19895 -1.33399 -1.05735
internal_weight=33330 26276 11914 7054 3674 6545 14362 12076 5369 2599 580 2207 498 3380 1812 195 4789 2553 1568 1490 1617 1493 916 386 530 3946 115 66 7711 3726
internal_count=33330 26276 11914 7054 3674 6545 14362 12076 5369 2599 580 2207 498 3380 1812 195 4789 2553 1568 1490 1617 1493 916 386 530 3946 115 66 7711 3726
is_linear=0
shrinkage=0.1


Tree=8
num_leaves=31
num_cat=0
split_feature=0 0 3 0 4 0 4 0 4 7 3 7 7 3 3 3 7 3 3 4 7 3 4 7 4 0 3 4 3 4
split_gain=4.02488e+06 921486 292418 261577 140233 112430 107060 101023 90168.7 83768.1 79012.2 77986.3 66017 62141.7 61754.9 60504.5 55624.4 75360.5 53126 76741.2 52166.6 51662 50067.6 116955 108856 119778 104912 59474.2 91332.2 70073.3
threshold=10.482099500000002 6.768695000000001 9.5000000000000018 12.573049500000002 4.5000000000000009 5.1348564500000009 9.5000000000000018 8.7138645000000015 10.500000000000002 13.560727250000001 13.500000000000002 3.6792941000000003 8.8695280000000007 19.500000000000004 1.5000000000000002 21.500000000000004 4.2256480000000005 15.500000000000002 2.5000000000000004 11.500000000000002 9.4309575000000017 17.500000000000004 11.500000000000002 15.720569500000002 10.500000000000002 15.022593000000002 7.5000000000000009 4.5000000000000009 15.500000000000002 9.5000000000000018
decision_type=2 2 2 2 2 2 2 2 2 2 2 2 2 2 2 2 2 2 2 2 2 2 2 2 2 2 2 2 2 2
left_child=1 5 8 4 -2 -1 10 -4 14 15 12 -10 -6 -12 -3 -9 -7 -18 19 -13 -17 -8 24 26 25 27 -24 -5 -29 -30
right_child=3 2 7 22 6 16 21 9 11 -11 13 18 -14 -15 -16 20 17 -19 -20 -21 -22 -23 23 -25 -26 -27 -28 28 29 -31
leaf_value=-1.2947038053654865 2.7352079213737026 0.11653948736648818 0.20659779316272961 3.1174301389990182 -0.62946848383586795 -1.3191806414727765 1.6814812782304096 1.1383424014333414 -2.0960053843259812 5.0158645232518522 2.4167782105283124 0.72464211295437386 0.94581717979491631 0.60653464781553723 -0.78096686587000186 -0.71752655993226322 -0.84146826282633969 0.072190836740899739 0.51687662530276512 5.2743505292863988 1.712061607231528 3.1561465940464326 6.511678887280552 -2.3648725944652891 5.2434288540538754 3.8755221577731831 1.563683950532343 1.0502886625911507 2.2048073637635919 5.5073052241750382
leaf_weight=9353 937 963 3749 580 437 1194 914 2284 85 51 444 83 680 331 3760 352 2771 1339 360 67 118 321 55 57 212 774 194 560 213 92
leaf_count=9353 937 963 3749 580 437 1194 914 2284 85 51 444 83 680 331 3760 352 2771 1339 360 67 118 321 55 57 212 774 194 560 213 92
internal_value=0.000684055 -0.555713 0.0991414 2.17105 1.6621 -1.08614 1.34055 0.546197 -0.451818 1.00008 0.867807 0.708306 0.329524 1.64363 -0.597969 0.925718 -0.718353 -0.543807 1.17569 2.75685 -0.107545 2.06477 2.92675 1.72124 3.0785 2.87166 2.65661 2.33396 1.80862 3.20097
internal_weight=33330 26529 11872 6801 4064 14657 3127 6554 5318 2805 1892 595 1117 775 4723 2754 5304 4110 510 150 470 1235 2737 306 2431 2219 249 1445 865 305
internal_count=33330 26529 11872 6801 4064 14657 3127 6554 5318 2805 1892 595 1117 775 4723 2754 5304 4110 510 150 470 1235 2737 306 2431 2219 249 1445 865 305
is_linear=0
shrinkage=0.1


Tree=9
num_leaves=31
num_cat=0
split_feature=6 6 1 3 3 4 3 7 4 6 4 4 4 6 1 4 4 3 5 7 7 3 3 3 4 4 7 3 3 7
split_gain=3.31523e+06 492308 479582 198269 136706 98065.4 85497.4 104251 80512.1 79941 79300.3 73182 67012.5 75759.4 64218.2 58223.2 92316 78409.3 73926.6 57519.3 56549.1 53112 48636.5 48022.6 46128.1 91165.4 74262.7 109293 91483.6 67575.1
threshold=9.5621250000000018 6.6902430000000015 129.89205353156055 11.500000000000002 12.500000000000002 2.5000000000000004 12.500000000000002 8.5578450000000021 6.5000000000000009 13.560727250000001 7.5000000000000009 10.500000000000002 11.500000000000002 15.369225000000002 26.810391088350251 10.500000000000002 4.5000000000000009 13.500000000000002 1.0000000180025095e-35 7.0145220000000004 7.3608281500000006 20.500000000000004 3.5000000000000004 1.5000000000000002 6.5000000000000009 10.500000000000002 9.6467440000000018 20.500000000000004 15.500000000000002 11.820407500000002
decision_type=2 2 2 2 2 2 2 2 2 2 2 2 2 2 2 2 2 2 2 2 2 2 2 2 2 2 2 2 2 2
left_child=1 5 4 23 11 -1 22 10 21 15 14 19 -11 -14 -8 16 -4 -18 20 -2 -17 -6 -7 -3 26 -26 27 -5 -28 -30
right_child=2 3 9 24 8 6 7 -9 -10 12 -12 -13 13 -15 -16 18 17 -19 -20 -21 -22 -23 -24 -25 25 -27 28 -29 29 -31
leaf_value=-1.5948792209474116 -0.58610843232234033 0.17673640134711477 2.61504460434581 0.93647478499812409 2.7132282115281452 -0.69624441622555344 -0.78215145185953461 0.51887901809422254 0.90892579863999412 3.094543371479455 -1.2605831770232909 1.7395375431865774 3.1408083179677582 -0.76273376614439725 0.16089190058574818 -0.60727107620239262 0.6772952073568429 2.1473065758303096 1.8632765552233757 0.52335723106277177 4.3529541253311592 1.0894009365469723 -1.3178600237907769 -0.6490879900326415 -0.30684475553521723 1.1943003267740939 0.18726887128078473 -0.66971862730862586 3.9481936772713571 0.55896441721054446
leaf_weight=2287 633 850 817 1333 635 1760 2091 720 1011 1480 1991 372 97 102 1103 25 867 624 373 1785 285 295 4419 4104 1622 539 204 621 202 83
leaf_count=2287 633 850 817 1333 635 1760 2091 720 1011 1480 1991 372 97 102 1103 25 867 624 373 1785 285 295 4419 4104 1622 539 204 621 202 83
internal_value=0.000615647 -0.624506 1.59178 -0.0683247 0.882158 -0.994416 -0.880773 -0.608678 1.52663 2.31067 -0.765253 0.433797 2.86288 1.14 -0.456486 2.00068 1.76067 1.29251 2.81173 0.232914 3.95294 2.19814 -1.1408 -0.507394 0.404123 0.0675732 0.701825 0.426011 1.80395 2.96115
internal_weight=33330 23929 9401 9558 4731 14371 12084 5905 1941 4670 5185 2790 1679 199 3194 2991 2308 1491 683 2418 310 930 6179 4954 4604 2161 2443 1954 489 285
internal_count=33330 23929 9401 9558 4731 14371 12084 5905 1941 4670 5185 2790 1679 199 3194 2991 2308 1491 683 2418 310 930 6179 4954 4604 2161 2443 1954 489 285
is_linear=0
shrinkage=0.1


Tree=10
num_leaves=31
num_cat=0
split_feature=1 1 6 3 3 4 1 4 4 3 4 7 3 4 7 7 7 4 4 7 7 4 7 3 7 7 3 7 7 4
split_gain=2.68401e+06 429486 413163 185166 130190 101190 96864.4 86423 79010.4 76176.2 69617.4 68134.9 62283.6 69210 61801.8 61110 57446.1 57264 94340.2 49826.9 48876.6 48792.6 88689.5 55382.8 71626.5 47972.7 47198.9 105779 99159.5 63179.7
threshold=91.437791687617008 139.72203355219852 6.8463654500000013 13.500000000000002 8.5000000000000018 10.500000000000002 14.407646709377362 6.5000000000000009 10.500000000000002 20.500000000000004 11.500000000000002 12.231616750000002 13.500000000000002 11.500000000000002 9.6919270000000015 9.5196760000000022 9.7380015000000011 2.5000000000000004 4.5000000000000009 10.281835500000001 4.1739850000000009 1.5000000000000002 10.481852000000002 1.5000000000000002 6.6915900000000006 10.897469500000001 18.500000000000004 9.6919270000000015 3.1136659500000006 11.500000000000002
decision_type=2 2 2 2 2 2 2 2 2 2 2 2 2 2 2 2 2 2 2 2 2 2 2 2 2 2 2 2 2 2
left_child=2 4 6 -4 5 21 19 9 14 -6 -10 -3 13 -8 -9 20 -12 -13 -19 -1 -11 22 -2 24 -23 -17 28 -28 -5 -29
right_child=1 11 3 26 7 -7 12 8 10 15 16 17 -14 -15 -16 25 -18 18 -20 -21 -22 23 -24 -25 -26 -27 27 29 -30 -31
leaf_value=-1.2588424815590011 0.27922610566020012 1.8290637695373577 -0.39052587002869599 3.7298872340855933 2.2295544391566895 1.843750929703931 -0.99544242733836885 -0.27040182775113508 3.417989436876443 2.9104564354969908 3.0936106732312374 0.84505598125217851 -0.38471578520950384 0.71138235294818886 1.2408720811551026 4.4877021497693557 -0.0028759862401802551 4.477909202662306 2.5002910291693077 0.24646496952360894 -0.95175680092195192 -0.95453170315259028 6.0677168291968275 -0.35356981621859046 1.841694226223126 0.43774734654669034 -0.15273420716853503 2.1822987169604149 0.70309646234248036 -3.2497801697772482
leaf_weight=5530 93 2025 5513 116 1162 371 4778 681 180 39 85 159 4080 250 449 58 203 289 1459 229 205 135 37 1529 285 59 1592 310 1617 23
leaf_count=5530 93 2025 5513 116 1162 371 4778 681 180 39 85 159 4080 250 449 58 203 289 1459 229 205 135 37 1529 285 59 1592 310 1617 23
internal_value=0.0100859 1.43282 -0.552365 -0.0245099 0.868029 0.322415 -0.877983 1.29634 0.782615 1.83536 1.87524 2.23303 -0.675013 -0.910576 0.330096 0.566514 0.911018 2.66198 2.82725 -1.19899 -0.334436 0.0509314 1.92672 -0.0741853 0.942907 2.44542 0.527116 0.186293 0.905698 1.80711
internal_weight=33541 9503 24038 9171 5571 2450 14867 3121 1598 1523 468 3932 9108 5028 1130 361 288 1907 1748 5759 244 2079 130 1949 420 117 3658 1925 1733 333
internal_count=33541 9503 24038 9171 5571 2450 14867 3121 1598 1523 468 3932 9108 5028 1130 361 288 1907 1748 5759 244 2079 130 1949 420 117 3658 1925 1733 333
is_linear=0
shrinkage=0.1


Tree=11
num_leaves=31
num_cat=0
split_feature=6 6 3 1 3 4 7 4 4 1 4 4 4 1 7 3 4 7 7 3 4 4 7 7 3 7 4 4 3 3
split_gain=2.1953e+06 520686 179861 162869 94281.1 104084 94210 77577.3 73561.3 70370 64759.2 89870.4 71001.1 85291.5 79111.1 63916.4 55091.3 110708 55086.3 95214.7 73304.8 107597 70565 54752.9 51486.3 50336.6 48161.4 47638.8 44286.7 43860
threshold=10.482099500000002 7.1953331500000006 8.5000000000000018 147.44951041354102 12.500000000000002 2.5000000000000004 8.5578450000000021 4.5000000000000009 7.5000000000000009 28.582937591299782 6.5000000000000009 2.5000000000000004 10.500000000000002 68.717003945488003 7.3198557000000006 14.500000000000002 11.500000000000002 4.759105700000001 8.1454755000000016 19.500000000000004 4.5000000000000009 3.5000000000000004 9.7380015000000011 5.6279095000000003 14.500000000000002 1.8324174500000001 3.5000000000000004 11.500000000000002 3.5000000000000004 14.500000000000002
decision_type=2 2 2 2 2 2 2 2 2 2 2 2 2 2 2 2 2 2 2 2 2 2 2 2 2 2 2 2 2 2
left_child=1 4 16 7 -1 -6 8 -2 9 -7 11 -4 -12 -14 -15 -9 -3 -18 19 24 21 -20 -23 -10 -13 -5 -26 -16 -19 -22
right_child=3 2 10 25 5 6 -8 15 23 -11 12 18 13 14 27 -17 17 28 20 -21 29 22 -24 -25 26 -27 -28 -29 -30 -31
leaf_value=-0.99541504998025809 2.0097849222246009 -0.4262413578924279 -0.11697769900366886 -2.9048667454719546 -1.363737818650385 -0.57499019906111748 0.59770388992619705 0.50827370981557674 -1.3366069881771112 0.34105628148617162 -0.12968599032748113 0.48475126114256045 -0.44944421907109544 4.0043309947036638 2.9045760534473306 1.5284575380808429 -3.1937027900776966 3.996528830793169 2.0176698314953216 -0.42351952803877035 1.4184434223910998 -3.2193768866769563 0.52960325966123489 -0.3093173645034884 0.015880391895771027 2.1267580095904579 2.7873270759911377 0.27374135620483364 0.89710189159785481 2.9016426838915272
leaf_weight=8236 766 4187 804 20 1212 2172 896 1737 1398 1366 2202 341 254 123 97 950 47 81 227 506 409 91 112 825 80 3379 290 237 107 389
leaf_count=8236 766 4187 804 20 1212 2172 896 1737 1398 1366 2202 341 254 123 97 950 47 81 227 506 409 91 112 825 80 3379 290 237 107 389
internal_value=0.00907732 -0.400845 0.144005 1.60575 -0.758914 -0.511382 -0.356199 1.12204 -0.504558 -0.22131 0.493219 0.800182 0.15085 1.01968 1.83622 0.868964 -0.342621 1.14725 1.10178 0.624975 1.5743 0.521775 -1.15097 -0.955359 1.37116 2.09715 2.1881 1.03779 2.23249 2.14146
internal_weight=33541 26689 10584 6852 16105 7869 6657 3453 5761 3538 6162 3249 2913 711 457 2687 4422 235 2445 1217 1228 430 203 2223 711 3399 370 334 188 798
internal_count=33541 26689 10584 6852 16105 7869 6657 3453 5761 3538 6162 3249 2913 711 457 2687 4422 235 2445 1217 1228 430 203 2223 711 3399 370 334 188 798
is_linear=0
shrinkage=0.1


Tree=12
num_leaves=31
num_cat=0
split_feature=6 0 0 3 3 4 6 4 4 3 3 4 4 4 4 3 4 0 3 4 4 0 3 3 4 4 6 4 4 4
split_gain=1.79532e+06 332549 238654 129992 121512 69905.9 51580 48068.2 89427.4 61414.7 45844.6 46323.2 56988.3 57632.1 45330.1 50607.5 42416 53411.7 42817.1 42324 38579.1 70597.3 67619 61543.6 44780.7 39278.5 44721.6 60900.6 36280 34367.3
threshold=9.2241720000000011 11.678864500000001 5.583456850000001 13.500000000000002 9.5000000000000018 10.500000000000002 13.560727250000001 2.5000000000000004 6.5000000000000009 19.500000000000004 21.500000000000004 6.5000000000000009 9.5000000000000018 11.500000000000002 10.500000000000002 6.5000000000000009 9.5000000000000018 8.1414660000000012 18.500000000000004 1.5000000000000002 11.500000000000002 15.720569500000002 9.5000000000000018 16.500000000000004 2.5000000000000004 4.5000000000000009 15.720569500000002 10.500000000000002 2.5000000000000004 10.500000000000002
decision_type=2 2 2 2 2 2 2 2 2 2 2 2 2 2 2 2 2 2 2 2 2 2 2 2 2 2 2 2 2 2
left_child=2 4 28 19 5 -2 14 -5 9 -9 11 -6 -13 29 -3 -16 -10 -18 -19 -4 24 22 -22 -24 -8 -26 27 -27 -1 -14
right_child=1 6 3 7 10 -7 20 8 16 -11 -12 12 13 -15 15 -17 17 18 -20 -21 21 -23 23 -25 25 26 -28 -29 -30 -31
leaf_value=-1.2373228990057907 -0.0094575816049457997 1.2685422575308216 -1.3036895714659655 -0.59414478116773795 1.6542588562549996 1.3791106425722441 0.2157604670027892 1.236147104419435 -0.5002833360170621 0.16607129434360413 0.24562275452400276 0.25949488454498354 1.5472741382252506 0.30233085454800435 3.7495240419210791 1.6575552917224297 -0.12506610145149602 2.6565853172717127 0.30565845732447472 -0.39105272040183614 7.4197851527820937 -1.4953182684747797 -1.070603480672135 4.13305114827505 3.7056394719647181 1.3551664243847512 2.9235723259971076 4.6857821480172586 -0.74740526595439472 3.4958900814624254
leaf_weight=1818 2651 1962 551 665 1313 420 90 1242 1286 944 576 780 233 231 167 376 681 152 158 6534 22 76 51 41 232 549 564 61 8967 148
leaf_count=1818 2651 1962 551 665 1313 420 90 1242 1286 944 576 780 233 231 167 376 681 152 158 6534 22 76 51 41 232 549 564 61 8967 148
internal_value=0.00816959 1.08872 -0.48719 -0.184472 0.632529 0.180448 1.78014 0.199009 0.317192 0.774047 1.05568 1.22817 0.826258 1.5486 1.49233 2.30094 -0.121405 0.370257 1.45837 -0.462028 2.20776 0.865502 2.43938 1.24842 2.37824 2.51666 2.2817 1.68823 -0.829989 2.30422
internal_weight=33541 10543 22998 12213 6352 3071 4191 5128 4463 2186 3281 2705 1392 612 2505 543 2277 991 310 7085 1686 190 114 92 1496 1406 1174 610 10785 381
internal_count=33541 10543 22998 12213 6352 3071 4191 5128 4463 2186 3281 2705 1392 612 2505 543 2277 991 310 7085 1686 190 114 92 1496 1406 1174 610 10785 381
is_linear=0
shrinkage=0.1


Tree=13
num_leaves=31
num_cat=0
split_feature=0 0 3 6 7 3 3 4 7 7 7 7 6 7 7 3 3 7 4 4 3 3 4 4 7 3 4 6 3 4
split_gain=1.46393e+06 337263 135290 119113 73076 56855.7 56167.7 48823 83752.9 50167.4 47563.9 47276 45170.7 52629.1 45125.6 45937.4 39612.5 38686.7 38512.1 72876 38091.1 35786.1 59126.2 70549.2 73340.8 61600.3 60418.3 46860 34692.8 34426.2
threshold=10.377361500000001 6.971831550000001 8.5000000000000018 12.142879000000002 2.6675077500000004 13.500000000000002 12.500000000000002 11.500000000000002 4.3731747000000007 11.258620000000002 8.1454755000000016 7.1592305000000005 8.2148255000000017 13.560727250000001 12.231616750000002 16.500000000000004 21.500000000000004 10.683509000000003 2.5000000000000004 4.5000000000000009 1.5000000000000002 8.5000000000000018 10.500000000000002 5.5000000000000009 9.8188835000000019 3.5000000000000004 6.5000000000000009 13.148523000000003 22.500000000000004 10.500000000000002
decision_type=2 2 2 2 2 2 2 2 2 2 2 2 2 2 2 2 2 2 2 2 2 2 2 2 2 2 2 2 2 2
left_child=1 4 7 5 -1 10 -6 17 -9 -10 -2 -8 -4 16 15 21 29 -3 -16 -20 -12 22 23 24 25 27 -25 -5 -17 -14
right_child=3 2 12 14 6 -7 11 8 9 -11 20 -13 13 -15 18 28 -18 -19 19 -21 -22 -23 -24 26 -26 -27 -28 -29 -30 -31
leaf_value=-1.1576849251988759 -0.11300123612107205 -0.52874131373564259 0.053432617048400383 -2.7762963701899235 -0.74692332775005599 1.3655477805463958 -0.51270708968189904 -2.8254887477918107 2.9291201292628974 -1.005030221598489 2.2141317376113956 0.090023079599658676 0.55631251421319206 3.3274026352426285 0.51413091060891747 2.4877689069800262 -0.20697930061747397 0.31992361516093148 3.680571038799954 1.8927252360663378 0.69455283148446711 0.32641112974907727 3.2789383837580681 -3.0778479319194272 4.3368973668902475 3.437996432185173 0.62117846128102894 1.6053134806778122 0.064112739286560944 1.544916003193725
leaf_weight=2323 702 3748 2617 52 6790 1494 4290 44 142 42 188 1868 2846 69 150 410 598 627 273 1383 1346 489 140 58 94 56 185 46 69 402
leaf_count=2323 702 3748 2617 52 6790 1494 4290 44 142 42 188 1868 2846 69 150 410 598 627 273 1383 1346 489 140 58 94 56 185 46 69 402
internal_value=0.00735263 -0.336061 0.0824647 1.27829 -0.641233 0.887916 -0.548576 -0.332767 1.09387 2.03111 0.568783 -0.329872 0.375072 0.590074 1.70593 1.31904 0.540964 -0.407116 2.04848 2.18746 0.880785 0.96852 1.46613 0.949238 2.13578 0.792239 -0.261717 -0.719622 2.13864 0.67867
internal_weight=33541 26406 11135 7135 15271 3730 12948 4603 228 184 2236 6158 6532 3915 3405 1599 3846 4375 1806 1656 1534 1120 631 491 248 154 243 98 479 3248
internal_count=33541 26406 11135 7135 15271 3730 12948 4603 228 184 2236 6158 6532 3915 3405 1599 3846 4375 1806 1656 1534 1120 631 491 248 154 243 98 479 3248
is_linear=0
shrinkage=0.1


Tree=14
num_leaves=31
num_cat=0
split_feature=6 6 3 3 7 0 4 4 0 4 4 3 0 4 3 7 7 7 3 4 7 3 4 3 7 6 4 0 7 7
split_gain=1.19254e+06 285605 101765 89707.8 80687.4 67597.8 65692.3 85227.5 82950.1 56082.4 56809.9 51674.7 54332.6 49541.6 53184.3 51459.9 60525.2 46336.5 75727.2 58296 104007 54507.4 49674.5 45602.5 48354.2 44917.7 43822.1 52061.2 73749.6 40381.2
threshold=10.482099500000002 7.1953331500000006 9.5000000000000018 15.500000000000002 8.3278010000000027 3.7957406000000007 5.5000000000000009 7.5000000000000009 15.720569500000002 6.5000000000000009 2.5000000000000004 11.500000000000002 13.013245000000003 11.500000000000002 13.500000000000002 4.4667098000000012 6.973386500000001 9.5620902500000025 19.500000000000004 4.5000000000000009 5.6746315000000012 13.500000000000002 3.5000000000000004 14.500000000000002 10.847073000000004 18.169129000000002 10.500000000000002 8.558736500000002 7.3198557000000006 10.792458000000002
decision_type=2 2 2 2 2 2 2 2 2 2 2 2 2 2 2 2 2 2 2 2 2 2 2 2 2 2 2 2 2 2
left_child=1 5 29 4 -2 -1 11 8 -8 10 -4 12 -6 14 -7 -15 -17 18 19 20 -12 -21 -22 -19 -25 -9 -11 -28 -29 -3
right_child=3 2 9 -5 6 13 7 25 -10 26 17 -13 -14 15 -16 16 -18 23 -20 21 22 -23 -24 24 -26 -27 27 28 -30 -31
leaf_value=-0.83530203284469984 0.096597844641855543 -0.34655720179965083 -0.071066507480176941 1.6927904522062862 1.4157454598298977 -0.66863257616566774 -0.48816296468637577 1.1348893797944251 3.9646411090426974 -0.16355363742873044 2.6967365084342587 0.5803744904448126 2.8494097579036728 -0.93864840710604636 -0.20091355064194083 2.7417018260161083 0.11165201960575014 0.79697659119423425 -0.22746857576401458 0.63367214242591907 -0.036286934652774459 2.4840566191535731 -3.2025068074077758 3.690518356847114 1.3160681486459069 5.9047995471954344 -0.22268409270664741 4.2129279615675532 0.80571574385918621 0.46307271861292182
leaf_weight=5759 932 4164 735 2298 649 5406 595 1532 45 2044 103 335 446 162 4418 150 210 331 611 269 139 390 77 163 181 20 290 82 282 723
leaf_count=5759 932 4164 735 2298 649 5406 595 1532 45 2044 103 335 446 162 4418 150 210 331 611 269 139 390 77 163 181 20 290 82 282 723
internal_value=0.00661737 -0.295511 0.108016 1.18343 0.926396 -0.560703 1.13992 0.795939 -0.175075 0.395208 0.692802 1.66719 1.99969 -0.407851 -0.458292 0.541458 1.20751 0.940789 0.64593 1.19158 0.0819027 1.72874 -1.16499 1.63491 2.44117 1.19636 0.0644143 0.776901 1.57327 -0.226778
internal_weight=33541 26689 10584 6852 4554 16105 3622 2192 640 5697 2999 1430 1095 10346 9824 522 360 2264 1589 978 319 659 216 675 344 1552 2698 654 364 4887
internal_count=33541 26689 10584 6852 4554 16105 3622 2192 640 5697 2999 1430 1095 10346 9824 522 360 2264 1589 978 319 659 216 675 344 1552 2698 654 364 4887
is_linear=0
shrinkage=0.1


Tree=15
num_leaves=31
num_cat=0
split_feature=6 0 3 4 4 3 4 4 4 3 3 4 0 3 4 0 4 6 0 4 0 3 3 0 6 6 3 4 6 6
split_gain=982155 241425 78913.8 82610.6 66371.9 70554.1 81445 66415.9 69571.9 79420.3 65062.3 63706.3 96490.4 86907.9 98996.5 52299.2 50810 46454.9 45342.6 42928.2 48742.6 40694.3 34967.5 33597.5 42967.5 32845.7 32121 30738.6 100241 54552.4
threshold=10.636198250000001 7.5211351000000013 15.500000000000002 4.5000000000000009 10.500000000000002 10.500000000000002 6.5000000000000009 4.5000000000000009 5.5000000000000009 20.500000000000004 14.500000000000002 10.500000000000002 15.022593000000002 8.5000000000000018 11.500000000000002 12.573049500000002 2.5000000000000004 5.583456850000001 8.6005990000000008 3.5000000000000004 12.887435000000002 1.0000000180025095e-35 10.500000000000002 16.323598000000004 12.142879000000002 12.573049500000002 2.5000000000000004 9.5000000000000018 15.720569500000002 15.720569500000002
decision_type=2 2 2 2 2 2 2 2 2 2 2 2 2 2 2 2 2 2 2 2 2 2 2 2 2 2 2 2 2 2
left_child=1 10 3 19 5 21 7 -7 9 -9 -1 12 26 23 15 -15 -12 -18 -6 -2 -21 -3 25 24 -13 -16 -5 29 -29 -4
right_child=2 4 27 11 18 6 -8 8 -10 -11 16 13 -14 14 22 -17 17 -19 -20 20 -22 -23 -24 -25 -26 -27 -28 28 -30 -31
leaf_value=-0.65234240957817935 1.2369147662083 0.69945466102121512 1.1100869814463545 0.86507301987194918 0.013615690536207434 0.18447914793166165 -0.19785264760523238 2.6579021603667314 0.44222095444094522 0.14571647885867528 -0.89475349165907281 1.5688299395640692 1.801839418124574 0.69950685668950796 3.5654046100118886 4.7579829789400101 -0.36126334835916207 0.22949016401690947 1.3253437097220782 1.8400629451825989 4.7498696037280714 -0.35026068694085266 -2.3186945258388447 -0.45317783244820531 3.5454271629966545 -1.0464450308617126 -0.1314741912950749 2.4970015888286663 -3.4333488782246913 2.7602224033136493
leaf_weight=10580 774 407 1326 404 417 1294 1797 448 598 175 1043 240 381 87 23 50 3474 2158 716 199 81 3988 126 43 203 47 1622 571 30 236
leaf_count=10580 774 407 1326 404 417 1294 1797 448 598 175 1043 240 381 87 23 50 3474 2158 716 199 81 3988 126 43 203 47 1622 571 30 236
internal_value=-0.00879895 -0.272688 1.10094 0.852149 0.122594 0.028908 0.316295 0.68366 1.21269 1.95223 -0.498105 0.601028 0.341811 1.36285 0.118385 2.1807 -0.253636 -0.134906 0.842563 1.62076 2.68183 -0.253052 -1.32313 2.21554 2.47458 0.468877 0.067245 1.59324 2.20098 1.3594
internal_weight=33538 27095 6443 4280 9840 8707 4312 2515 1221 623 17255 3226 2407 819 333 137 6675 5632 1133 1054 280 4395 196 486 443 70 2026 2163 601 1562
internal_count=33538 27095 6443 4280 9840 8707 4312 2515 1221 623 17255 3226 2407 819 333 137 6675 5632 1133 1054 280 4395 196 486 443 70 2026 2163 601 1562
is_linear=0
shrinkage=0.1


Tree=16
num_leaves=31
num_cat=0
split_feature=0 6 6 4 4 7 4 7 7 4 4 7 7 5 7 4 7 5 6 7 4 4 4 4 4 4 7 4 7 7
split_gain=798387 150155 115531 56037.7 49320.9 78527.7 45830.8 44487.6 37579.8 37369.1 63375.5 96239.8 68176.7 37078.4 36700.9 52175.8 35603.2 65838.2 35447.2 34221.6 117284 34177.5 31612.4 31465 30700.5 44471.5 30562 29739 34376.5 28975
threshold=9.2246735000000015 11.397019500000003 5.0845526500000009 10.500000000000002 6.5000000000000009 8.3278010000000027 1.5000000000000002 14.137335000000002 4.1739850000000009 6.5000000000000009 10.500000000000002 3.6792941000000003 12.058452500000003 1.0000000180025095e-35 6.8905002000000009 11.500000000000002 6.6114874000000006 1.0000000180025095e-35 6.3388057000000009 9.7380015000000011 3.5000000000000004 3.5000000000000004 3.5000000000000004 3.5000000000000004 4.5000000000000009 7.5000000000000009 8.0278630000000017 7.5000000000000009 3.1136659500000006 2.3774954000000004
decision_type=2 2 2 2 2 2 2 2 2 2 2 2 2 2 2 2 2 2 2 2 2 2 2 2 2 2 2 2 2 2
left_child=2 3 7 4 5 8 -4 24 -2 16 12 -12 -11 23 15 18 22 19 -13 20 -18 -21 -8 -10 -1 -26 -3 -6 -29 -24
right_child=1 26 6 -5 27 -7 9 -9 13 10 11 14 -14 -15 -16 -17 17 -19 -20 21 -22 -23 29 -25 25 -27 -28 28 -30 -31
leaf_value=-0.88452471555706291 1.0174529794720002 0.42512437882384768 -0.79930129139230843 1.1591805607630949 -0.58887049335357844 0.98721321946194751 -0.69673564932454113 2.7178111857175828 -1.9750013240634701 -0.56212692857549074 -1.6235339681516174 -0.69343756315035698 1.4251876767310832 0.40800318380641704 0.12762771799395353 2.4510754427556041 2.3072133189591115 -0.10994536143461371 1.2526077918007843 0.41119216937157843 -0.14609236086755259 2.0941070837785509 1.1016225363064676 -0.38037002581317414 -0.23252577090350932 -0.767558250116404 1.2246239871582523 -2.0125665308359793 0.29516490479746732 -0.10465183364038558
leaf_weight=3044 256 540 1017 785 812 1603 867 40 172 4213 238 156 180 402 857 203 256 1938 234 198 816 309 221 441 3144 3071 4173 68 1272 2012
leaf_count=3044 256 540 1017 785 812 1603 867 40 172 4213 238 156 180 402 857 203 256 1938 234 198 816 309 221 441 3144 3071 4173 68 1272 2012
internal_value=-0.00791905 0.713593 -0.337857 0.373418 0.250692 0.521762 -0.153367 -0.609959 -0.06527 -0.101634 -0.280584 0.240212 -0.480698 -0.338351 0.546124 1.15093 0.0628208 0.280596 0.47419 0.759931 0.439772 1.43687 -0.184249 -0.827803 -0.624336 -0.4969 1.13302 -0.111323 0.178056 0.0147331
internal_weight=33538 10524 23014 5811 5026 2874 13715 9299 1271 12698 6081 1688 4393 1015 1450 593 6617 3517 390 1579 1072 507 3100 613 9259 6215 4713 2152 1340 2233
internal_count=33538 10524 23014 5811 5026 2874 13715 9299 1271 12698 6081 1688 4393 1015 1450 593 6617 3517 390 1579 1072 507 3100 613 9259 6215 4713 2152 1340 2233
is_linear=0
shrinkage=0.1


Tree=17
num_leaves=31
num_cat=0
split_feature=6 6 3 4 4 6 3 7 7 1 3 7 3 4 7 7 7 7 3 3 3 4 7 1 7 7 3 3 4 4
split_gain=652113 167480 64414.1 61810.8 51182.2 73847.2 62508.4 66564.6 55143.2 66317.9 50617 86063.9 48276.3 60538.8 53873.1 48984.5 47808.9 40863.4 40493.6 38954.3 38552.7 35597 66206.4 66907 43956.2 40174.2 58939.2 39656.6 58526.4 35152.5
threshold=10.636198250000001 8.0595690000000015 16.500000000000004 4.5000000000000009 10.500000000000002 15.022593000000002 7.5000000000000009 15.720569500000002 11.258620000000002 266.45985201606806 14.500000000000002 7.0548091500000014 7.5000000000000009 11.500000000000002 4.9024989500000009 13.560727250000001 11.258620000000002 11.753666500000001 4.5000000000000009 19.500000000000004 1.0000000180025095e-35 3.5000000000000004 7.4512115000000003 166.08598091345002 6.847573950000001 13.148523000000003 6.5000000000000009 11.500000000000002 2.5000000000000004 1.5000000000000002
decision_type=2 2 2 2 2 2 2 2 2 2 2 2 2 2 2 2 2 2 2 2 2 2 2 2 2 2 2 2 2 2
left_child=1 10 3 21 5 -5 8 -8 -6 -10 17 -12 13 20 -15 -14 18 -1 -16 -4 -3 24 -23 25 -2 26 -24 29 -29 -26
right_child=2 12 19 4 6 -7 7 -9 9 -11 11 -13 15 14 16 -17 -18 -19 -20 -21 -22 22 23 -25 27 -27 -28 28 -30 -31
leaf_value=-0.54399244189829532 -1.0349672644458552 0.72374858553346888 1.9363158322476288 0.019283154339246152 0.96135650675358453 1.4768604022488896 0.59445961425919314 -4.9337141617484717 4.0972245467560633 -0.70559538977486758 -0.38617723722053898 0.38255154530712909 0.31221160862438951 -1.8374230372600069 4.2057819699170071 2.6171461780971672 -1.3252526601155601 0.60708823800439538 0.45150819522578545 1.0154795422954082 -0.39970882830012155 5.9577212379092259 -2.287727326665606 4.0188689904968911 3.9256902795284989 3.2737036737000071 1.9834640158216157 -1.5621422461668653 1.8095971753101538 1.4216369503797899
leaf_weight=11376 94 347 765 2140 232 415 411 23 161 35 5387 1996 4821 39 96 94 30 317 41 1150 2551 42 70 82 64 41 60 105 101 452
leaf_count=11376 94 347 765 2140 232 415 411 23 161 35 5387 1996 4821 39 96 94 30 317 41 1150 2551 42 70 82 64 41 60 105 101 452
internal_value=-0.00712715 -0.222154 0.897133 0.691507 0.480832 0.256032 1.14715 0.301492 2.00465 3.23958 -0.383349 -0.178351 0.161307 -0.147444 1.50898 0.356294 2.29048 -0.512786 3.08224 1.38333 -0.265189 1.33946 2.28088 1.6705 0.99912 0.544379 -0.316408 1.26395 0.0909921 1.73222
internal_weight=33538 27095 6443 4528 3417 2555 862 434 428 196 19076 7383 8019 3104 206 4915 167 11693 137 1915 2898 1111 295 253 816 171 130 722 206 516
internal_count=33538 27095 6443 4528 3417 2555 862 434 428 196 19076 7383 8019 3104 206 4915 167 11693 137 1915 2898 1111 295 253 816 171 130 722 206 516
is_linear=0
shrinkage=0.1


Tree=18
num_leaves=31
num_cat=0
split_feature=0 6 7 3 7 3 3 7 7 7 7 3 3 7 3 6 3 7 3 3 6 3 3 7 7 0 7 7 0 0
split_gain=530519 144473 47120.2 44774.6 49318 43079.5 40770.7 73866.2 50469.9 35446.2 34546.1 47474.2 34492.8 47479.5 31340.5 27456.8 36048.9 27014.3 26913.5 26681.5 26165.3 35524.1 25917.2 25870.2 25378.2 25479.3 24557.3 23097.4 22296.4 18911
threshold=10.792458000000002 7.5211351000000013 3.0565036500000002 10.500000000000002 14.418660000000001 15.500000000000002 20.500000000000004 7.9913985000000007 5.5063423000000009 6.6114874000000006 7.4033360000000004 2.5000000000000004 14.500000000000002 7.3608281500000006 2.5000000000000004 13.560727250000001 10.500000000000002 11.753666500000001 12.500000000000002 19.500000000000004 1.9121487500000003 18.500000000000004 1.0000000180025095e-35 6.4171955500000015 10.186742000000002 14.728439000000003 13.148523000000003 8.7518245000000014 2.6072807000000005 5.1778751500000011
decision_type=2 2 2 2 2 2 2 2 2 2 2 2 2 2 2 2 2 2 2 2 2 2 2 2 2 2 2 2 2 2
left_child=1 2 28 10 6 9 8 -8 -5 -2 -3 -12 17 -14 -11 -16 26 -4 22 23 21 -15 -19 -7 25 27 -17 -21 -1 -22
right_child=5 3 12 4 -6 19 7 -9 -10 14 11 -13 13 20 15 16 -18 18 -20 24 29 -23 -24 -25 -26 -27 -28 -29 -30 -31
leaf_value=-1.1365098587135909 -0.22621730452011055 -0.40988074704752919 -0.44180431262368869 1.2918050276595872 3.0751517122611407 3.8408274845201142 -0.80721894890839418 0.69099667946214782 0.28964746555706256 1.35237158490611 0.79807883502323962 -0.11167424835810631 -0.27740147134550958 3.6715629566109409 0.42142917029634219 2.7412307574168633 0.32646872263618204 3.4826921980489383 3.355917640246691 0.7854432723116368 -0.19510725180523525 -0.63471745828787496 -0.12571199680742604 1.4814292622819032 1.2775519770135293 3.615045660734177 1.1672964710310887 -0.70165269999725233 -0.55134939565583174 0.56455893676467539
leaf_weight=891 413 2138 8453 603 64 49 794 562 3016 700 762 2320 3712 53 2122 152 327 22 31 235 515 30 209 901 649 22 285 188 2419 901
leaf_count=891 413 2138 8453 603 64 49 794 562 3016 700 762 2320 3712 53 2122 152 327 22 31 235 515 30 209 901 649 22 285 188 2419 901
internal_value=-0.00641443 -0.192873 -0.369721 0.104248 0.316879 0.84195 0.281396 -0.186277 0.456628 0.651064 -0.10101 0.113255 -0.289112 -0.0855835 0.752101 0.606505 1.12055 -0.410808 0.589232 1.21541 0.389419 2.11508 0.217946 1.60312 0.87873 0.297077 1.71475 0.124512 -0.708865 0.288268
internal_weight=33538 27495 17236 10259 5039 6043 4975 1356 3619 3999 5220 3082 13926 5211 3586 2886 764 8715 262 2044 1499 83 231 950 1094 445 437 423 3310 1416
internal_count=33538 27495 17236 10259 5039 6043 4975 1356 3619 3999 5220 3082 13926 5211 3586 2886 764 8715 262 2044 1499 83 231 950 1094 445 437 423 3310 1416
is_linear=0
shrinkage=0.1


Tree=19
num_leaves=31
num_cat=0
split_feature=0 6 6 3 7 4 4 3 3 6 4 4 3 7 4 7 7 6 7 4 3 4 7 4 7 7 6 3 4 7
split_gain=435413 81539.6 71251.2 51143.8 60296.6 49800.7 52923.1 59225.7 46956.9 71564.5 49173.7 79634.6 44679.8 69908.8 57863.2 52119 38122 45923.5 40358.6 35352 46544.5 40588.4 60949.6 33930.5 32912.9 108312 37881.4 32731.2 32009.4 55204.5
threshold=9.2246735000000015 12.492690000000001 5.0845526500000009 15.500000000000002 6.5676190000000005 10.500000000000002 6.5000000000000009 7.5000000000000009 20.500000000000004 8.5185302500000031 3.5000000000000004 7.5000000000000009 1.5000000000000002 7.3198557000000006 1.5000000000000002 10.047902000000002 4.5632055000000014 6.8891144000000013 3.6792941000000003 2.5000000000000004 11.500000000000002 4.5000000000000009 4.9921155000000015 11.500000000000002 3.6792941000000003 6.973386500000001 8.6003140000000027 3.5000000000000004 6.5000000000000009 9.6467440000000018
decision_type=2 2 2 2 2 2 2 2 2 2 2 2 2 2 2 2 2 2 2 2 2 2 2 2 2 2 2 2 2 2
left_child=2 5 -1 23 8 6 7 12 9 10 -5 16 13 -2 15 -14 17 -12 -19 20 27 -21 -23 -4 -25 -26 -27 -3 29 -6
right_child=1 19 3 4 28 -7 -8 -9 -10 -11 11 -13 14 -15 -16 -17 -18 18 -20 21 -22 22 -24 24 25 26 -28 -29 -30 -31
leaf_value=-0.46311647292968283 -0.63719159048177354 -0.55760915669111111 -0.28610410877366282 -1.3203037989615907 0.45216225520658071 0.9550776452433789 -0.082732817117420671 0.82370973162881533 -0.70592149504023782 2.3620476536507158 0.91979668418174265 -0.71332108261063698 0.30151905449661048 2.2476789827553594 -0.52191248364052334 4.8189250701513053 0.089593267101582483 4.7108410426775613 0.55736853866016167 1.946042519358155 -1.5695929041504861 -4.5882154202461249 0.9576470017190325 -1.1958928247050542 3.9210156575002166 -0.75872554747846122 1.9063136130571365 2.8836308459104121 0.12689218167364599 1.9352849266358785
leaf_weight=9299 147 52 8643 244 845 1177 2770 2212 994 137 228 470 74 196 1041 39 246 75 34 454 120 20 2163 82 95 191 74 59 1000 357
leaf_count=9299 147 52 8643 244 845 1177 2770 2212 994 137 228 470 74 196 1041 39 246 75 34 454 120 20 2163 82 95 191 74 59 1000 357
internal_value=-0.00577299 0.527056 -0.249429 -0.104545 0.165957 0.35669 0.247985 0.494975 -0.177711 0.188426 -0.0411703 0.255229 0.00923013 1.01131 -0.288614 1.86062 1.03605 1.72694 3.41526 0.98184 -0.204384 1.08575 0.906837 -0.242401 0.612181 1.02402 -0.0145259 1.27152 0.544898 0.892657
internal_weight=33538 10524 23014 13715 4630 7656 6479 3709 2428 1434 1297 1053 1497 343 1154 113 583 337 109 2868 231 2637 2183 9085 442 360 265 111 2202 1202
internal_count=33538 10524 23014 13715 4630 7656 6479 3709 2428 1434 1297 1053 1497 343 1154 113 583 337 109 2868 231 2637 2183 9085 442 360 265 111 2202 1202
is_linear=0
shrinkage=0.1


Tree=20
num_leaves=31
num_cat=0
split_feature=6 0 4 4 7 4 0 7 7 4 4 7 4 7 7 0 0 7 7 7 5 4 4 6 4 4 7 5 0 7
split_gain=360879 98970.4 48822.3 43183.6 44845.1 42606.7 40077.7 37218.2 31222.8 31021.7 30312 64439.3 28661.6 42765.4 26709.6 41891 42903.7 51934.5 35207.1 25765.8 25630.6 24681.4 24185.1 24059.8 23808.4 70695.2 49555.1 47929.4 42385.8 67063.6
threshold=10.736074500000003 7.1953331500000006 4.5000000000000009 3.5000000000000004 7.4512115000000003 1.5000000000000002 12.573049500000002 5.0845526500000009 7.1979704000000009 7.5000000000000009 7.5000000000000009 4.759105700000001 6.5000000000000009 11.467824000000002 13.148523000000003 12.887435000000002 12.058452500000003 12.573049500000002 10.582531000000001 4.3237132500000008 1.0000000180025095e-35 5.5000000000000009 5.5000000000000009 11.609263250000003 11.500000000000002 10.500000000000002 15.720569500000002 1.0000000180025095e-35 15.369225000000002 11.536607000000002
decision_type=2 2 2 2 2 2 2 2 2 2 2 2 2 2 2 2 2 2 2 2 2 2 2 2 2 2 2 2 2 2
left_child=1 5 3 8 -5 -1 9 -8 19 12 22 -12 13 -4 15 16 17 -6 -18 -2 23 -22 -7 -15 25 -9 27 -26 29 -29
right_child=2 -3 6 4 14 10 7 24 -10 -11 11 -13 -14 20 -16 -17 18 -19 -20 -21 21 -23 -24 -25 26 -27 -28 28 -30 -31
leaf_value=-0.83033824881893536 1.3325938666860262 0.061570400159548323 0.71625610756345248 4.6361851890881862 2.701194683815304 -0.29756459308721839 -3.4420464503765107 0.80624430326024299 1.0833541129539599 0.57335380510057088 -0.90311641522844877 -0.18523534867441371 -0.77066016246060864 -1.8857398569583894 3.3086650820627606 3.0891988793464558 -5.364943281412125 -2.8160560217770665 -0.18144908296434503 -1.5419309722573571 -3.3617350262980312 0.26071255295364948 0.031392316249389429 1.2313840275544388 2.3863510566949846 2.7837054545680684 -2.5272509817349711 -2.2591019117518476 -4.5005764354359021 2.4072717520728042
leaf_weight=1512 48 11269 541 60 76 5489 20 1589 920 1460 2045 3218 427 40 73 73 20 22 38 89 62 27 3770 65 100 204 59 57 22 67
leaf_count=1512 48 11269 541 60 76 5489 20 1589 920 1460 2045 3218 427 40 73 73 20 22 38 89 62 27 3770 65 100 204 59 57 22 67
internal_value=-0.00955918 -0.165534 0.681882 1.19646 2.13911 -0.325147 0.527834 0.851365 0.873622 0.266492 -0.272548 -0.464176 -0.119067 0.259478 1.64301 1.11203 0.186818 1.46263 -1.96886 -0.534798 -1.01432 -2.26279 -0.163623 0.0439083 0.892293 1.03123 0.0755181 0.699759 -0.45544 0.262245
internal_weight=33462 27303 6159 1419 362 16034 4740 2118 1057 2622 14522 5263 1162 735 302 229 156 98 58 137 194 89 9259 105 2098 1793 305 246 146 124
internal_count=33462 27303 6159 1419 362 16034 4740 2118 1057 2622 14522 5263 1162 735 302 229 156 98 58 137 194 89 9259 105 2098 1793 305 246 146 124
is_linear=0
shrinkage=0.1


Tree=21
num_leaves=31
num_cat=0
split_feature=6 1 4 3 4 4 4 7 3 4 1 7 1 3 7 7 4 4 4 4 3 7 3 7 3 7 4 6 6 7
split_gain=292312 83801.7 43673 41823.5 53731.5 44005.5 41393.1 40074.6 39971.2 36452.2 34401.2 30114.5 31839.5 29218.2 62457.9 51123.1 30622 53080 44142.1 56160.1 46542.7 41298.4 40378.3 36012.4 35346.4 32357.4 31339.9 29113.6 28251.4 27107.5
threshold=10.736074500000003 64.956652633041998 1.5000000000000002 15.500000000000002 4.5000000000000009 3.5000000000000004 6.5000000000000009 3.5126002000000005 8.5000000000000018 5.5000000000000009 136.3958760966805 7.4512115000000003 166.08598091345002 19.500000000000004 8.3278010000000027 7.3608281500000006 6.5000000000000009 7.5000000000000009 4.5000000000000009 3.5000000000000004 13.500000000000002 11.820407500000002 16.500000000000004 9.3845835000000015 11.500000000000002 9.7779555000000027 5.5000000000000009 9.4768615000000018 9.9033855000000024 7.3608281500000006
decision_type=2 2 2 2 2 2 2 2 2 2 2 2 2 2 2 2 2 2 2 2 2 2 2 2 2 2 2 2 2 2
left_child=1 2 -1 4 5 -2 9 -8 29 -4 -6 -7 -13 15 -15 -10 18 24 19 20 -17 26 -19 -21 -18 -24 -20 -26 -23 -3
right_child=3 8 6 -5 10 11 7 -9 13 -11 -12 12 -14 14 -16 16 17 22 21 23 -22 28 25 -25 27 -27 -28 -29 -30 -31
leaf_value=-0.74869469073494177 0.67622686594482695 -0.45703144198742462 -0.20395548670928357 0.97729522928747048 -0.23775894600894543 4.9717605852028903 -0.78292060382693363 -0.25847080418891549 1.0803342006977814 0.22753305953955924 0.46453223569109492 0.96072277087249514 3.5535982507726427 -0.61051745379473576 0.72885205277456688 -0.60238566820701345 0.44885221790782243 0.65978145121943022 2.1625225010000064 -4.0032055065035825 1.4123874232466296 0.65170422935485839 0.50647939126719455 -0.62430253378722977 -2.8343220794546435 -2.0665425186571866 0.62723379649519928 -0.4817062843547148 -4.2617553364146836 0.099719691717128411
leaf_weight=1699 739 1518 6499 2090 1069 34 1917 6072 971 2802 2007 151 69 860 585 209 86 624 284 48 254 25 85 92 138 115 250 85 22 2063
leaf_count=1699 739 1518 6499 2090 1069 34 1917 6072 971 2802 2007 151 69 860 585 209 86 624 284 48 254 25 85 92 138 115 250 85 22 2063
internal_value=-0.00860326 -0.148981 -0.264905 0.613693 0.426933 1.0665 -0.217366 -0.384315 0.115788 -0.0739661 0.220466 2.202 1.77394 0.306511 -0.0682814 0.471224 0.21596 -0.155674 0.571585 -0.0277643 0.502911 1.19363 0.263473 -1.78278 -1.2734 -0.973008 1.44375 -1.93759 -1.64821 -0.136289
internal_weight=33462 27303 18989 6159 4069 993 17290 7989 8314 9301 3076 254 220 4733 1445 3288 2317 1133 1184 603 463 581 824 140 309 200 534 223 47 3581
internal_count=33462 27303 18989 6159 4069 993 17290 7989 8314 9301 3076 254 220 4733 1445 3288 2317 1133 1184 603 463 581 824 140 309 200 534 223 47 3581
is_linear=0
shrinkage=0.1


Tree=22
num_leaves=31
num_cat=0
split_feature=0 0 3 7 3 4 3 4 4 4 7 7 6 4 7 0 7 7 3 7 4 7 7 7 4 7 4 4 3 6
split_gain=237251 66009.2 49644.7 46749.7 33538.1 29917.2 29520.4 35702.1 56298.4 41436.1 40801.1 52322.3 34266.2 34027.5 45460.2 32636.4 30644.4 37509 38214.6 28498.2 36964.8 27890.8 27139.2 44671.2 26586.3 25538.5 64291.7 42238 26595.9 33365.2
threshold=10.636198250000001 5.583456850000001 12.500000000000002 14.418660000000001 2.5000000000000004 4.5000000000000009 21.500000000000004 6.5000000000000009 2.5000000000000004 10.500000000000002 10.140586500000003 3.6792941000000003 8.5583925000000018 4.5000000000000009 11.536607000000002 6.0041100000000016 12.667809000000002 5.7583123500000006 19.500000000000004 9.4309575000000017 11.500000000000002 9.4768295000000027 7.0548091500000014 8.7931000000000008 3.5000000000000004 6.8905002000000009 11.500000000000002 10.500000000000002 2.5000000000000004 12.327450000000001
decision_type=2 2 2 2 2 2 2 2 2 2 2 2 2 2 2 2 2 2 2 2 2 2 2 2 2 2 2 2 2 2
left_child=1 -1 4 6 -3 24 7 8 22 -9 11 -11 -10 16 -15 -13 17 18 -14 -8 -21 -19 -4 -24 -6 26 27 28 -2 -30
right_child=25 2 3 -5 5 -7 19 9 12 10 -12 15 13 14 -16 -17 -18 21 -20 20 -22 -23 23 -25 -26 -27 -28 -29 29 -31
leaf_value=-0.32956743483512985 -1.4152181454189123 0.1713897377287561 -0.9700961567839933 3.0638187412704743 -0.41434914992956717 -0.15334548672355314 -0.4717820468796009 -0.25054569232178697 0.47386522429074351 -1.1664466351598175 -0.71492442062188843 -0.53259426523787035 3.9986753577277776 2.0775062271301561 -2.0119184436469246 1.7887877193903461 4.0074397260492498 -1.5679973912840131 -0.4089275700014991 1.1070353165398472 -2.8042100093982842 1.0762859269479912 1.4682543882879162 -0.61142274196590152 -1.3296416737536769 0.60837597076275962 3.5058410674954454 -2.964592351736846 -0.086226650581810158 2.1568339162235022
leaf_weight=10774 115 2223 315 56 1328 5097 1117 1925 1607 91 174 71 42 434 29 412 22 119 37 230 27 60 177 248 417 5721 48 54 413 79
leaf_count=10774 115 2223 315 56 1328 5097 1117 1925 1607 91 174 71 42 434 29 412 22 119 37 230 27 60 177 248 417 5721 48 54 413 79
internal_value=-0.00774294 -0.137609 -0.0103994 0.18577 -0.166058 -0.275697 0.163188 0.262493 0.493989 -0.00511695 0.626501 1.03314 0.733513 1.29509 1.82137 1.44755 0.424869 0.119378 1.93435 -0.25333 0.696126 -0.681645 -0.266665 0.254702 -0.633075 0.538218 -0.0278976 -0.284508 -0.0460821 0.27394
internal_weight=33462 27032 16258 7193 9065 6842 7137 5763 3090 2673 748 574 2350 743 463 483 280 258 79 1374 257 179 740 425 1745 6430 709 661 607 492
internal_count=33462 27032 16258 7193 9065 6842 7137 5763 3090 2673 748 574 2350 743 463 483 280 258 79 1374 257 179 740 425 1745 6430 709 661 607 492
is_linear=0
shrinkage=0.1


Tree=23
num_leaves=31
num_cat=0
split_feature=0 6 3 4 4 3 3 4 7 7 3 6 3 7 4 4 3 7 4 7 7 3 7 7 4 7 3 7 6 4
split_gain=196339 58647.2 41072.5 34619.7 34718.2 31515.9 35071.7 34131.8 37396.4 68207.4 59357.7 35813.2 38658.1 31367.3 27869.4 27480.3 26166.5 29504.1 29805.5 31733.7 26104.2 33528 34363.5 26052.3 24900.7 24801.4 24207 23779.5 23118.4 22440
threshold=8.1814185000000013 11.397019500000003 8.5000000000000018 1.5000000000000002 6.5000000000000009 3.5000000000000004 11.500000000000002 2.5000000000000004 9.6467440000000018 11.753666500000001 16.500000000000004 6.971831550000001 20.500000000000004 4.3731747000000007 7.5000000000000009 10.500000000000002 2.5000000000000004 6.6915900000000006 5.5000000000000009 13.731321000000003 3.3415866000000003 15.500000000000002 3.7374605000000005 10.636198250000001 3.5000000000000004 14.418660000000001 22.500000000000004 11.974738750000002 6.9304204000000009 10.500000000000002
decision_type=2 2 2 2 2 2 2 2 2 2 2 2 2 2 2 2 2 2 2 2 2 2 2 2 2 2 2 2 2 2
left_child=3 2 15 -1 5 23 -7 -8 -9 10 -10 12 24 14 20 16 17 -2 19 -19 28 -22 -23 -5 -12 26 -4 -17 -6 -15
right_child=1 -3 25 4 13 6 7 8 9 -11 11 -13 -14 29 -16 27 -18 18 -20 -21 21 22 -24 -25 -26 -27 -28 -29 -30 -31
leaf_value=-0.64148970989319398 -0.44837651746508123 0.56512023121592214 0.34869817362792049 0.28253013739241789 -0.7620779045012136 -0.38749670105205114 -0.62138191397428544 0.048068967257098923 0.56966639166982302 -1.4110039582946801 5.4506283194788043 5.1743440962674327 -0.67735764318529301 -0.32073318336204587 -0.7643357072297432 0.42872066961232491 -0.39034335238696966 1.6022936391046174 0.045496895347189696 -2.4257048595519297 -0.56295897334136746 5.3812769577420996 0.9670040346516503 2.0681282818060498 0.92483434438705447 2.0411675252656383 -0.48013152601687531 3.2192952213865342 1.605875497204917 0.11547218071537546
leaf_weight=1721 464 4711 4848 1344 260 3021 669 3920 203 91 31 57 34 3963 2110 409 2393 285 448 21 55 29 45 87 20 82 380 33 49 1679
leaf_count=1721 464 4711 4848 1344 260 3021 669 3920 203 91 31 57 34 3963 2110 409 2393 285 448 21 55 29 45 87 20 82 380 33 49 1679
internal_value=-0.00696864 0.277337 0.132538 -0.21335 -0.171643 -0.0413253 -0.118231 0.0436498 0.145786 1.02435 1.66671 3.23503 1.93454 -0.322439 -0.613654 -0.107194 -0.198295 0.179023 0.565115 1.32586 0.112231 1.30705 2.69692 0.391089 3.67581 0.315521 0.288454 0.637067 -0.386577 -0.190923
internal_weight=33462 14074 9363 19388 17667 9477 8046 5025 4356 436 345 142 85 8190 2548 4053 3611 1218 754 306 438 129 74 1431 51 5310 5228 442 309 5642
internal_count=33462 14074 9363 19388 17667 9477 8046 5025 4356 436 345 142 85 8190 2548 4053 3611 1218 754 306 438 129 74 1431 51 5310 5228 442 309 5642
is_linear=0
shrinkage=0.1


Tree=24
num_leaves=31
num_cat=0
split_feature=6 3 6 4 4 4 3 3 4 3 4 4 3 6 3 0 6 4 4 4 0 3 4 3 3 3 0 4 0 3
split_gain=159861 35574.5 34763.4 33212.5 33519 34675.7 31778.7 47902.1 35061 31404.8 29417.4 46112.4 25487.6 23208.8 22604.2 25374.1 22428.9 34330.7 32527.5 21941.8 33248.2 37317 22330.7 25025.7 22837.8 21462.5 21250.2 40055.3 17745.7 17497.5
threshold=9.2241720000000011 14.500000000000002 13.560727250000001 10.500000000000002 6.5000000000000009 7.5000000000000009 14.500000000000002 19.500000000000004 2.5000000000000004 1.5000000000000002 4.5000000000000009 6.5000000000000009 2.5000000000000004 6.4167607500000008 9.5000000000000018 10.141035 10.186885500000002 1.5000000000000002 1.5000000000000002 11.500000000000002 15.369225000000002 4.5000000000000009 2.5000000000000004 12.500000000000002 19.500000000000004 22.500000000000004 4.0673098500000009 11.500000000000002 9.9966445000000004 19.500000000000004
decision_type=2 2 2 2 2 2 2 2 2 2 2 2 2 2 2 2 2 2 2 2 2 2 2 2 2 2 2 2 2 2
left_child=1 9 3 4 6 12 -2 8 28 -1 -11 -12 -6 -3 15 -14 17 -9 -18 22 -21 -22 23 -4 -25 -7 -13 -28 -8 -23
right_child=2 13 19 -5 5 25 7 16 -10 10 11 26 14 -15 -16 -17 18 -19 -20 20 21 29 -24 24 -26 -27 27 -29 -30 -31
leaf_value=0.13164734356747274 0.14097457159589588 -0.1311926507961281 2.3069035246258691 0.67362772128850057 0.66796249678345765 0.22114422395646766 1.5153526211226429 -4.1816132478713994 1.6633406564992452 -0.55019447843173674 0.071735617817784411 -0.71601773708365257 -0.29413379806635986 0.20023186179106878 -0.36687690611712559 -2.0396860568496318 3.7127777951955796 -0.26053073302125246 0.2990313767863117 1.0517269012879351 1.2255170562050559 -4.0574821472167972 0.94999028772032867 -3.40718706880297 0.3200278714779885 -1.3194908424427636 -0.38037050560868413 0.69591020594556618 -0.68222554735515439 -0.70080251693725593
leaf_weight=1857 2884 5156 21 1449 147 1877 54 25 560 3597 3485 1496 134 3580 586 220 30 209 401 98 33 44 1439 35 31 95 3395 385 115 24
leaf_count=1857 2884 5156 21 1449 147 1877 54 25 560 3597 3485 1496 134 3580 586 220 30 209 401 98 33 44 1439 35 31 95 3395 385 115 24
internal_value=-0.00627178 -0.154188 0.316707 0.236125 0.149722 -0.103043 0.330462 0.722487 1.28236 -0.251789 -0.309407 -0.210546 -0.556526 0.00462463 -0.748016 -1.37894 0.108727 -0.67945 0.536647 0.727138 -0.260488 -1.53373 0.855931 -0.699836 -1.65653 0.146925 -0.397004 -0.270749 0.0199592 -2.87277
internal_weight=33462 22951 10511 8786 7337 3059 4278 1394 729 14215 12358 8761 1087 8736 940 354 665 234 431 1725 199 101 1526 87 66 1972 5276 3780 169 68
internal_count=33462 22951 10511 8786 7337 3059 4278 1394 729 14215 12358 8761 1087 8736 940 354 665 234 431 1725 199 101 1526 87 66 1972 5276 3780 169 68
is_linear=0
shrinkage=0.1


end of trees

feature_importances:
month=231
hour=168
wind_lag_24h=167
wind_speed=84
wind_lag_1h=73
wind_speed_2=16
is_daytime=11

parameters:
[boosting: gbdt]
[objective: regression]
[metric: rmse]
[tree_learner: serial]
[device_type: cpu]
[data_sample_strategy: bagging]
[data: ]
[valid: ]
[num_iterations: 100]
[learning_rate: 0.1]
[num_leaves: 31]
[num_threads: 0]
[seed: 42]
[deterministic: 0]
[force_col_wise: 0]
[force_row_wise: 0]
[histogram_pool_size: -1]
[max_depth: -1]
[min_data_in_leaf: 20]
[min_sum_hessian_in_leaf: 0.001]
[bagging_fraction: 0.8]
[pos_bagging_fraction: 1]
[neg_bagging_fraction: 1]
[bagging_freq: 5]
[bagging_seed: 400]
[bagging_by_query: 0]
[feature_fraction: 0.9]
[feature_fraction_bynode: 1]
[feature_fraction_seed: 30056]
[extra_trees: 0]
[extra_seed: 12879]
[early_stopping_round: 0]
[early_stopping_min_delta: 0]
[first_metric_only: 0]
[max_delta_step: 0]
[lambda_l1: 0]
[lambda_l2: 0]
[linear_lambda: 0]
[min_gain_to_split: 0]
[drop_rate: 0.1]
[max_drop: 50]
[skip_drop: 0.5]
[xgboost_dart_mode: 0]
[uniform_drop: 0]
[drop_seed: 17869]
[top_rate: 0.2]
[other_rate: 0.1]
[min_data_per_group: 100]
[max_cat_threshold: 32]
[cat_l2: 10]
[cat_smooth: 10]
[max_cat_to_onehot: 4]
[top_k: 20]
[monotone_constraints: ]
[monotone_constraints_method: basic]
[monotone_penalty: 0]
[feature_contri: ]
[forcedsplits_filename: ]
[refit_decay_rate: 0.9]
[cegb_tradeoff: 1]
[cegb_penalty_split: 0]
[cegb_penalty_feature_lazy: ]
[cegb_penalty_feature_coupled: ]
[path_smooth: 0]
[interaction_constraints: ]
[verbosity: -1]
[saved_feature_importance_type: 0]
[use_quantized_grad: 0]
[num_grad_quant_bins: 4]
[quant_train_renew_leaf: 0]
[stochastic_rounding: 1]
[linear_tree: 0]
[max_bin: 255]
[max_bin_by_feature: ]
[min_data_in_bin: 3]
[bin_construct_sample_cnt: 200000]
[data_random_seed: 175]
[is_enable_sparse: 1]
[enable_bundle: 1]
[use_missing: 1]
[zero_as_missing: 0]
[feature_pre_filter: 1]
[pre_partition: 0]
[two_round: 0]
[header: 0]
[label_column: ]
[weight_column: ]
[group_column: ]
[ignore_column: ]
[categorical_feature: ]
[forcedbins_filename: ]
[precise_float_parser: 0]
[parser_config_file: ]
[objective_seed: 16083]
[num_class: 1]
[is_unbalance: 0]
[scale_pos_weight: 1]
[sigmoid: 1]
[boost_from_average: 1]
[reg_sqrt: 0]
[alpha: 0.9]
[fair_c: 1]
[poisson_max_delta_step: 0.7]
[tweedie_variance_power: 1.5]
[lambdarank_truncation_level: 30]
[lambdarank_norm: 1]
[label_gain: ]
[lambdarank_position_bias_regularization: 0]
[eval_at: ]
[multi_error_top_k: 1]
[auc_mu_weights: ]
[num_machines: 1]
[local_listen_port: 12400]
[time_out: 120]
[machine_list_filename: ]
[machines: ]
[gpu_platform_id: -1]
[gpu_device_id: -1]
[gpu_use_dp: 0]
[num_gpu: 1]

end of parameters

pandas_categorical:[]
