tree
version=v4
num_class=1
num_tree_per_iteration=1
label_index=0
max_feature_idx=7
objective=regression
feature_names=wind_speed wind_speed_2 wind_speed_3 hour month is_daytime wind_lag_1h wind_lag_24h
feature_infos=[0.092054830000000004:19.379201999999999] [0.0084740917263289011:375.553470156804] [0.00078008107327161356:7277.9265599696755] [0:23] [1:12] [0:1] [0.092054830000000004:19.379201999999999] [0.092054830000000004:19.379201999999999]
tree_sizes=2687 2718 2735 2740 2737 2763 2742 2753 2744 2757 2747 2756 2767 2757 2763 2744 2770 2754

Tree=0
num_leaves=31
num_cat=0
split_feature=6 6 6 4 7 7 0 4 4 4 3 7 3 3 0 4 4 0 4 4 6 6 4 7 6 7 0 3 3 6
split_gain=2.12429e+07 2.67189e+06 2.33431e+06 710425 601354 571546 505969 411557 346619 272234 271338 246848 216085 202481 166462 169403 233120 227630 226403 224737 160886 160545 158749 148116 135404 128348 123196 118742 112301 105678
threshold=6.7538943000000007 4.9125244500000003 8.5032712500000027 10.500000000000002 6.3558362500000003 7.7262067000000014 3.1998544000000004 5.5000000000000009 10.500000000000002 6.5000000000000009 19.500000000000004 6.8633453000000006 14.500000000000002 15.500000000000002 14.483525500000001 5.5000000000000009 2.5000000000000004 12.956804000000002 9.5000000000000018 11.500000000000002 10.350004000000002 5.2812583500000008 9.5000000000000018 6.6014997500000012 7.5009651000000011 12.956804000000002 9.9924895000000031 19.500000000000004 17.500000000000004 6.0833458000000009
decision_type=2 2 2 2 2 2 2 2 2 2 2 2 2 2 2 2 2 2 2 2 2 2 2 2 2 2 2 2 2 2
left_child=1 6 3 7 8 9 23 24 12 -4 -6 27 -3 -9 15 16 -7 18 26 -19 -11 -10 -15 -1 -2 28 -17 -8 -20 -14
right_child=2 4 5 -5 10 14 11 13 21 20 -12 -13 29 22 -16 17 -18 19 25 -21 -22 -23 -24 -25 -26 -27 -28 -29 -30 -31
leaf_value=45.934213500512293 51.28445892650354 47.771643814995272 54.472109631518336 54.428325067336999 49.676131999115263 53.530724364889984 46.882274289031756 49.562056186987576 48.135123078172256 51.396449158785195 52.027891288592031 48.622001779642865 48.664635393877717 50.804912403377315 57.912759819330134 52.47916673399385 56.900364746838349 55.722049965007486 55.721057010195935 47.089662487283313 54.937534356573735 51.448915037450327 54.303713517710435 47.55781399173766 53.017949855998999 50.020588062186782 55.049941823155827 47.921208586334508 58.61939248805615 50.55820431557558
leaf_weight=5644 840 3766 891 744 1855 263 6296 1590 204 745 667 1173 1011 650 257 395 936 50 577 76 155 516 162 624 972 33 353 1333 174 416
leaf_count=5644 840 3766 891 744 1855 263 6296 1590 204 745 667 1173 1011 650 257 395 936 50 577 76 155 516 162 624 972 33 353 1333 174 416
internal_value=49.2146 47.5801 53.1097 51.5795 49.0052 54.6564 46.7825 51.0765 48.4538 53.233 50.2981 47.2715 48.1687 50.2182 55.475 55.2557 56.1612 54.6009 54.9369 50.5152 52.0063 50.51 51.5029 46.0958 52.2143 56.1244 53.6924 47.0638 56.3926 49.2166
internal_weight=33368 23505 9863 4958 8435 4905 15070 4214 5913 1791 2522 8802 5193 2402 3114 2857 1199 1658 1532 126 900 720 812 6268 1812 784 748 7629 751 1427
internal_count=33368 23505 9863 4958 8435 4905 15070 4214 5913 1791 2522 8802 5193 2402 3114 2857 1199 1658 1532 126 900 720 812 6268 1812 784 748 7629 751 1427
is_linear=0
shrinkage=1


Tree=1
num_leaves=31
num_cat=0
split_feature=0 0 0 4 7 7 0 4 4 7 4 0 3 5 5 3 3 4 7 7 3 4 3 3 4 5 7 4 0 5
split_gain=1.71629e+07 2.19572e+06 1.81146e+06 558515 548769 542130 412992 373562 300611 266038 224013 209421 207130 188634 176716 175332 166397 162134 468160 189690 175213 154278 121703 118352 131575 112259 134434 107375 99908.2 99025
threshold=6.7541353500000012 4.9125244500000003 8.3954585000000019 10.500000000000002 7.5962918000000004 8.0593695000000007 3.0752441000000004 10.500000000000002 5.5000000000000009 7.3195995000000007 5.5000000000000009 5.438279650000001 14.500000000000002 1.0000000180025095e-35 1.0000000180025095e-35 16.500000000000004 18.500000000000004 11.500000000000002 11.808656000000001 10.480445500000002 9.5000000000000018 10.500000000000002 16.500000000000004 13.500000000000002 6.5000000000000009 1.0000000180025095e-35 4.5098812500000003 9.5000000000000018 10.103724500000002 1.0000000180025095e-35
decision_type=2 2 2 2 2 2 2 2 2 2 2 2 2 2 2 2 2 2 2 2 2 2 2 2 2 2 2 2 2 2
left_child=1 6 3 8 7 10 -1 12 14 13 -4 -9 -3 -8 -2 -10 -6 19 20 -7 -19 23 -22 -12 -25 26 -23 -17 -26 -13
right_child=2 4 5 -5 16 17 9 11 15 -11 21 29 -14 -15 -16 27 -18 18 -20 -21 22 25 -24 24 28 -27 -28 -29 -30 -31
leaf_value=-2.8380066995976332 3.9157395758987725 -1.1722851331498969 4.9694518577670426 4.6909115841061597 0.83491542451473055 5.1713285800856355 -1.5205043740837967 -0.72305907073239684 0.34231010107124893 -0.2343638487613974 1.50476495174372 3.7261374206406579 0.090323434492160237 -2.4793932897325011 1.8317903534397055 1.6299957240404002 3.122737265220799 11.791794710381087 -2.8278127761114216 6.857675582423548 1.7824183184305828 0.79915950298309335 7.8532173249681128 6.9587158746616815 1.9196605269291966 3.686556977446461 10.191847831010818 4.8249887729161669 6.7050296085671732 1.1560671155655651
leaf_weight=5745 666 4294 798 707 861 1482 4611 312 1641 1018 683 307 1863 3696 1046 503 504 43 84 1213 75 20 59 93 271 231 64 133 52 293
leaf_count=5745 666 4294 798 707 861 1482 4611 312 1641 1018 683 307 1863 3696 1046 503 504 43 84 1213 75 20 59 93 271 231 64 133 52 293
internal_value=0.0212264 -1.44799 3.52208 2.10046 -0.156004 4.81387 -2.17106 -0.510463 1.64133 -1.76016 3.62987 1.37835 -0.790242 -1.94714 2.64249 0.8886 1.67965 5.69987 3.32005 5.93034 6.23767 2.87388 4.45538 2.31465 3.64435 4.82494 7.95549 2.29813 2.69006 2.47109
internal_weight=33368 23504 9864 4696 8434 5168 15070 7069 3989 9325 2212 912 6157 8307 1712 2277 1365 2956 261 2695 177 1414 134 1099 416 315 84 636 323 600
internal_count=33368 23504 9864 4696 8434 5168 15070 7069 3989 9325 2212 912 6157 8307 1712 2277 1365 2956 261 2695 177 1414 134 1099 416 315 84 636 323 600
is_linear=0
shrinkage=0.1


Tree=2
num_leaves=31
num_cat=0
split_feature=6 6 6 7 4 4 6 5 4 7 4 5 3 6 3 5 4 7 6 4 4 3 7 4 3 7 6 1 1 7
split_gain=1.40214e+07 2.17149e+06 1.15435e+06 464801 421137 560552 344577 286970 261133 281155 238421 222366 213933 196390 190223 178838 168494 167559 161210 144799 158146 141215 129450 125769 122624 163632 117716 112648 103610 91230.5
threshold=7.0528055000000007 4.9125244500000003 9.6120617500000023 6.3558362500000003 10.500000000000002 5.5000000000000009 3.0752441000000004 1.0000000180025095e-35 11.500000000000002 12.587916500000002 10.500000000000002 1.0000000180025095e-35 18.500000000000004 6.0508675000000007 14.500000000000002 1.0000000180025095e-35 10.500000000000002 10.103724500000002 8.2258275000000012 9.5000000000000018 6.5000000000000009 14.500000000000002 6.3558362500000003 6.5000000000000009 8.5000000000000018 5.2011511500000003 7.7265111500000012 29.574885562914449 34.478004200094631 5.1230199500000007
decision_type=2 2 2 2 2 2 2 2 2 2 2 2 2 2 2 2 2 2 2 2 2 2 2 2 2 2 2 2 2 2
left_child=1 6 4 10 5 11 -1 16 17 15 13 -2 -8 -3 -7 -10 23 29 -13 20 -16 -15 -14 -5 25 -6 -27 -12 -18 -4
right_child=2 3 8 7 24 14 12 -9 9 -11 27 18 22 21 19 -17 28 -19 -20 -21 -22 -23 -24 -25 -26 26 -28 -29 -30 -31
leaf_value=-2.5611127831130585 4.7866970037402599 -1.1642801606311091 2.5499725376657976 2.1392750848414321 1.6648962484164671 0.69211113426904636 -1.8398681900526412 -0.25224339122149247 8.6153818513526286 -3.1498633397768625 -0.58517433322790102 1.6561927149255109 -1.1736151720931429 -0.46179547782738678 3.9273301423946587 2.223531618892185 1.472614955420446 6.3016683603956087 3.8392471628137894 4.5465702688594245 0.98615802015450527 1.3621597043649782 0.57866369339888812 0.33092264516492298 3.7003123621177849 4.8495387816724707 8.9886263670411495 1.9793061337047773 5.5164430946789009 4.9735336876920968
leaf_weight=5779 828 3634 176 914 66 1696 7155 1118 61 73 254 703 1558 1513 251 155 99 1130 652 239 673 590 578 664 505 121 159 526 176 1322
leaf_count=5779 828 3634 176 914 66 1696 7155 1118 61 73 254 703 1558 1513 251 155 99 1130 652 239 673 590 578 664 505 121 159 526 176 1322
internal_value=0.0191037 -1.20868 3.44157 -0.0235909 2.63623 2.28893 -1.95481 1.01303 5.06854 2.21538 -0.496169 3.49559 -1.57769 -0.719194 1.36757 4.02864 1.77642 5.3823 2.70664 2.3526 1.78511 0.0499181 -0.69945 1.37835 4.69392 6.14413 7.19995 1.14421 4.06066 4.68879
internal_weight=33368 24558 8810 9488 5893 5042 15070 2971 2917 289 6517 2183 9291 5737 2859 216 1853 2628 1355 1163 924 2103 2136 1578 851 346 280 780 275 1498
internal_count=33368 24558 8810 9488 5893 5042 15070 2971 2917 289 6517 2183 9291 5737 2859 216 1853 2628 1355 1163 924 2103 2136 1578 851 346 280 780 275 1498
is_linear=0
shrinkage=0.1


Tree=3
num_leaves=31
num_cat=0
split_feature=6 0 6 7 4 5 7 4 7 5 6 4 0 4 5 7 4 4 7 4 0 4 6 4 5 4 6 7 0 4
split_gain=1.1373e+07 1.45243e+06 1.29394e+06 400786 390785 328091 273051 229186 209594 207020 195642 161816 137207 128487 124454 114008 112074 121005 130724 130680 128913 116153 109003 104247 88917.7 87828.6 155689 100030 99026.9 109697
threshold=6.7538943000000007 4.7242405000000005 8.5032712500000027 6.3558362500000003 10.500000000000002 1.0000000180025095e-35 6.9715695000000011 5.5000000000000009 7.5962918000000004 1.0000000180025095e-35 3.2318096500000002 10.500000000000002 5.1494627000000008 6.5000000000000009 1.0000000180025095e-35 8.6792780000000018 5.5000000000000009 7.5000000000000009 12.140948250000003 11.500000000000002 14.483525500000001 2.5000000000000004 6.0508675000000007 10.500000000000002 1.0000000180025095e-35 11.500000000000002 12.587916500000002 12.140948250000003 11.589928500000001 10.500000000000002
decision_type=2 2 2 2 2 2 2 2 2 2 2 2 2 2 2 2 2 2 2 2 2 2 2 2 2 2 2 2 2 2
left_child=1 6 4 11 7 16 10 15 13 -5 -1 22 -13 -7 -12 -2 21 20 23 -20 -18 -4 -3 -19 -9 28 27 -27 29 -10
right_child=2 3 5 9 -6 8 -8 24 25 -11 14 12 -14 -15 -16 -17 17 18 19 -21 -22 -23 -24 -25 -26 26 -28 -29 -30 -31
leaf_value=-2.3973865442193949 1.8808143719115045 -1.0594378402268336 3.6065999387624021 1.4895409957504107 3.8408521692739224 3.4340004925829173 -0.55351084916570048 1.4581415770859734 3.4118399554156782 -0.35959296800393276 -1.2185779546655313 -1.276795354871189 1.4949946297345145 1.4355629021633378 -2.0941368992577938 4.1507399007793548 2.6835674552935096 4.8776733301935122 4.8208318734639573 -1.9321999425473422 10.718621717180525 6.5724161842781843 -0.087203867301198654 7.7715191188268369 0.21666908793260109 4.6095548489771856 -4.7638234894851159 -2.5217911322911579 5.5651682419267523 6.2881325572342073
leaf_weight=5910 1554 4471 167 1685 744 625 1504 963 954 945 3680 255 596 663 2905 258 406 354 76 46 21 631 1554 192 1439 109 29 24 454 154
leaf_count=5910 1554 4471 167 1685 744 625 1504 963 954 945 3680 255 596 663 2905 258 406 354 76 46 21 631 1554 192 1439 109 29 24 454 154
internal_value=0.0171934 -1.17871 2.86722 -0.224781 1.72796 4.01878 -1.82648 1.35492 3.3704 0.825118 -1.9797 -0.626357 0.664435 2.4053 -1.60483 2.20402 5.05042 4.39356 5.23403 2.27461 3.07873 5.95175 -0.808674 5.89529 0.714395 4.09143 1.87511 3.3227 4.32129 3.81161
internal_weight=33368 23505 9863 9506 4958 4905 13999 4214 3012 2630 12495 6876 851 1288 6585 1812 1893 1095 668 122 427 798 6025 546 2402 1724 162 133 1562 1108
internal_count=33368 23505 9863 9506 4958 4905 13999 4214 3012 2630 12495 6876 851 1288 6585 1812 1893 1095 668 122 427 798 6025 546 2402 1724 162 133 1562 1108
is_linear=0
shrinkage=0.1


Tree=4
num_leaves=31
num_cat=0
split_feature=0 6 6 3 4 4 4 6 5 3 4 3 3 0 6 4 4 3 0 3 3 6 0 6 6 4 3 4 5 4
split_gain=9.26327e+06 1.44292e+06 781530 355368 292719 371224 284921 276665 191547 185422 175837 168027 138754 137644 125003 119081 132848 110474 107337 103672 93016.9 86524.5 86459.2 71885 71511.8 70443.7 76360.6 69778.7 68008.3 81096.8
threshold=7.0529203500000017 5.1228540000000011 9.6120617500000023 16.500000000000004 10.500000000000002 5.5000000000000009 11.500000000000002 3.7927623000000001 1.0000000180025095e-35 7.5000000000000009 11.500000000000002 14.500000000000002 14.500000000000002 12.956804000000002 11.589928500000001 9.5000000000000018 6.5000000000000009 9.5000000000000018 6.0208976500000011 15.500000000000002 10.500000000000002 6.2940435000000008 8.2258275000000012 7.8213780000000011 8.2777515000000026 2.5000000000000004 17.500000000000004 7.5000000000000009 1.0000000180025095e-35 10.500000000000002
decision_type=2 2 2 2 2 2 2 2 2 2 2 2 2 2 2 2 2 2 2 2 2 2 2 2 2 2 2 2 2 2
left_child=1 7 4 6 5 9 18 25 -9 23 14 22 27 19 28 16 24 -8 -3 -12 -6 -5 -11 -2 -14 -1 -27 -7 -4 -30
right_child=2 3 10 21 20 12 17 8 -10 11 13 -13 15 -15 -16 -17 -18 -19 -20 -21 -22 -23 -24 -25 -26 26 -28 -29 29 -31
leaf_value=-2.4910485707726657 2.8884017238300808 -0.91741443690664903 4.692497917487521 0.69435210118870294 4.8723673313016871 -0.031483342114913188 3.2940740692946648 -0.6138030153695595 -1.6543526559027466 0.37871207198765772 1.555541247410791 3.3642957276020455 1.8247848669998348 -1.8580348918312475 5.3229394489416668 3.9671475688202515 0.69896159352434628 -0.22725782572299014 -0.0405262502223242 6.2523515982287279 2.7821657186034594 1.9789277460002079 2.3765183848480809 5.3656492651675842 5.2766458171658819 -1.9758580396293699 -1.2709128967545733 1.2463498466151537 3.0244007121995593 5.5220792073560396
leaf_weight=1648 181 2966 642 1504 435 965 288 4047 3143 444 143 798 128 76 934 234 658 129 2637 70 417 805 423 332 113 5212 2179 767 898 152
leaf_count=1648 181 2966 642 1504 435 965 288 4047 3143 444 143 798 128 76 934 234 658 129 2637 70 417 805 423 332 113 5212 2179 767 898 152
internal_value=0.015474 -0.982475 2.79727 0.0875016 2.13496 1.84532 -0.317034 -1.53161 -1.06866 2.82935 4.13666 2.31719 1.09725 1.79549 4.39432 1.95769 1.43465 2.20474 -0.504715 3.09909 3.84935 1.1422 1.35342 4.49161 3.44329 -1.89985 -1.76803 0.534393 3.88171 3.38597
internal_weight=33368 24558 8810 8329 5895 5043 6020 16229 7190 2178 2915 1665 2865 289 2626 1133 899 417 5603 213 852 2309 867 513 241 9039 7391 1732 1692 1050
internal_count=33368 24558 8810 8329 5895 5043 6020 16229 7190 2178 2915 1665 2865 289 2626 1133 899 417 5603 213 852 2309 867 513 241 9039 7391 1732 1692 1050
is_linear=0
shrinkage=0.1


Tree=5
num_leaves=31
num_cat=0
split_feature=0 0 0 5 4 5 7 7 4 7 7 0 0 0 0 4 4 5 0 7 4 4 4 5 7 4 3 0 4 5
split_gain=7.24503e+06 1.15737e+06 582252 344108 312753 256584 204611 198156 172806 231892 167197 154750 152926 135463 133484 175581 159409 107700 103655 97884.1 92646.5 90509.7 88880.6 84422.1 81357.1 81331.9 75634.9 70999.1 69881.9 75868.4
threshold=7.0529203500000017 4.7923570000000009 9.6120617500000023 1.0000000180025095e-35 10.500000000000002 1.0000000180025095e-35 7.684282800000001 6.8997554500000007 11.500000000000002 12.140948250000003 3.1079105500000006 5.6540800000000013 3.2318096500000002 11.808656000000001 7.7265111500000012 10.500000000000002 5.5000000000000009 1.0000000180025095e-35 8.0107480000000013 5.9607530000000013 11.500000000000002 6.5000000000000009 7.5000000000000009 1.0000000180025095e-35 4.6069806500000015 10.500000000000002 13.500000000000002 5.8717973500000005 10.500000000000002 1.0000000180025095e-35
decision_type=2 2 2 2 2 2 2 2 2 2 2 2 2 2 2 2 2 2 2 2 2 2 2 2 2 2 2 2 2 2
left_child=1 7 5 4 6 14 -3 12 13 17 -6 -5 -1 24 -2 16 -16 -10 25 -20 23 -8 -18 -14 -4 -7 -13 -12 29 -26
right_child=2 3 8 11 10 18 21 -9 9 -11 27 26 20 -15 15 -17 22 -19 19 -21 -22 -23 -24 -25 28 -27 -28 -29 -30 -31
leaf_value=-1.9590773408808897 1.7237430861408958 -0.14691367017460205 0.76191774634989329 -1.3369619719072288 -1.4035222681619788 0.51850757345063658 2.2695433641911968 -0.42652166305026462 6.7116530713893603 -3.2146381425268857 2.1174321039506281 -0.551196123237223 -1.0312288457375611 4.9958127052533792 4.126082490827736 5.8567825049519797 0.79091247011025745 1.6439196610142446 0.99369533381237152 2.4318116387426483 0.37402241411732468 0.32751492756108447 3.0855331230435388 -1.7541648165711434 4.2375327249949546 2.6184055333992222 0.52515571269415151 4.3435031283935492 5.5949208175079734 2.7922061694391167
leaf_weight=5923 827 3511 108 1991 93 1419 589 1664 59 81 304 1980 3685 791 538 229 375 145 779 1206 328 405 307 2876 615 212 974 271 158 887
leaf_count=5923 827 3511 108 1991 93 1419 589 1664 59 81 304 1980 3685 791 538 229 375 145 779 1206 328 405 307 2876 615 212 974 271 158 887
internal_value=-0.000923444 -0.87963 2.47285 -0.0590933 0.511087 1.90566 0.211674 -1.45314 3.64793 1.31218 2.53033 -0.655563 -1.58648 3.90807 2.73744 3.316 2.83908 3.10959 1.38211 1.86743 -1.26613 1.47827 1.82383 -1.34813 3.42141 0.791456 -0.196299 3.16659 3.59444 3.384
internal_weight=33330 24594 8736 10118 5173 5892 4505 14476 2844 285 668 4945 12812 2559 2276 1449 1220 204 3616 1985 6889 994 682 6561 1768 1631 2954 575 1660 1502
internal_count=33330 24594 8736 10118 5173 5892 4505 14476 2844 285 668 4945 12812 2559 2276 1449 1220 204 3616 1985 6889 994 682 6561 1768 1631 2954 575 1660 1502
is_linear=0
shrinkage=0.1


Tree=6
num_leaves=31
num_cat=0
split_feature=6 6 0 4 7 3 7 4 3 7 4 7 7 3 4 0 4 4 7 4 6 3 0 3 3 7 7 4 7 4
split_gain=5.91632e+06 1.02399e+06 511383 272285 240316 233637 148265 139090 134992 130394 113023 162044 112646 110585 109119 168430 187542 152424 133007 119516 104883 80426.6 73224.4 69332.2 68636.9 102542 60940.6 60381.1 60294.2 58770.1
threshold=6.2066653000000001 8.2258275000000012 4.1687700000000012 10.500000000000002 6.8633453000000006 18.500000000000004 8.0593695000000007 5.5000000000000009 3.5000000000000004 7.2257320000000007 11.500000000000002 2.4567522000000004 6.4501028000000007 14.500000000000002 5.5000000000000009 14.483525500000001 7.5000000000000009 2.5000000000000004 12.956804000000002 11.500000000000002 7.1823535000000005 19.500000000000004 5.6540800000000013 12.500000000000002 6.5000000000000009 5.2011511500000003 8.5029615000000032 2.5000000000000004 11.362827000000001 4.5000000000000009
decision_type=2 2 2 2 2 2 2 2 2 2 2 2 2 2 2 2 2 2 2 2 2 2 2 2 2 2 2 2 2 2
left_child=2 3 12 7 13 8 -7 9 10 20 -4 -12 -1 24 17 16 26 -6 21 -20 -2 -18 -10 -14 25 -3 -16 -25 -9 -19
right_child=1 4 5 -5 14 6 -8 28 22 -11 11 -13 23 -15 15 -17 18 29 19 -21 -22 -23 -24 27 -26 -27 -28 -29 -30 -31
leaf_value=-1.5919058290946648 0.11016473325639964 0.43069031418494463 -0.22557020949594039 2.5542879252966011 1.9528703282829483 0.087429451311856227 2.3611367165956194 0.17845937196058198 -1.1704776769332141 2.3847807556137126 -3.141838392344388 5.0262597325541405 -1.423811620983078 3.1846908863126315 0.20881375920419631 7.5867845276423864 3.2318293823889195 5.0969307146952989 3.9448680735648951 -2.5560550098687833 1.706820777956082 5.5021556757556072 -0.3983676535099463 -2.3634306961372498 0.82896253457272084 4.6141639442559876 2.066808507872874 0.25459680879916496 4.1864581744921834 3.7478215495614124
leaf_weight=9535 1000 106 2093 892 346 1676 346 3058 4510 705 33 92 665 389 304 70 1172 553 47 71 699 180 1688 100 894 131 421 740 38 776
leaf_count=9535 1000 106 2093 892 346 1676 346 3058 4510 705 33 92 665 389 304 70 1172 553 47 71 699 180 1688 100 894 131 421 740 38 776
internal_value=-0.000831099 1.7927 -0.990539 0.933627 2.79842 -0.488714 0.476501 0.670785 -0.720613 1.24147 -0.0511196 2.86988 -1.465 1.73029 3.21048 2.75793 2.60393 3.82245 3.25308 0.0332957 0.767059 3.53409 -0.960197 -0.660981 1.23006 2.74307 1.28773 -0.0570731 0.227653 4.30919
internal_weight=33330 11852 21478 6392 5460 10438 2022 5500 8416 2404 2218 125 11040 1520 3940 2265 2195 1675 1470 118 1699 1352 6198 1505 1131 237 725 840 3096 1329
internal_count=33330 11852 21478 6392 5460 10438 2022 5500 8416 2404 2218 125 11040 1520 3940 2265 2195 1675 1470 118 1699 1352 6198 1505 1131 237 725 840 3096 1329
is_linear=0
shrinkage=0.1


Tree=7
num_leaves=31
num_cat=0
split_feature=6 6 0 4 5 3 7 0 4 7 3 0 5 7 6 4 4 7 5 0 6 4 7 5 7 7 7 4 7 0
split_gain=4.79924e+06 769223 395939 284910 204485 204209 143871 129406 124538 157522 99017.1 97305 95622.4 93341.8 89519 118056 128297 88305.1 82418.9 77976.9 76375.4 71889.1 75614.8 73666.7 70854.1 70530.3 68323.4 68028.5 67539.9 65004.8
threshold=7.0528055000000007 4.9866527500000011 9.6120617500000023 10.500000000000002 1.0000000180025095e-35 15.500000000000002 6.8997554500000007 3.2318096500000002 11.500000000000002 12.140948250000003 2.5000000000000004 11.808656000000001 1.0000000180025095e-35 8.4461200000000023 7.6847767000000013 10.500000000000002 5.5000000000000009 3.26135755 1.0000000180025095e-35 6.146936300000001 8.2258275000000012 11.500000000000002 2.9721483000000006 1.0000000180025095e-35 8.8986370000000026 4.7923570000000009 6.177347150000001 7.5000000000000009 6.2977722000000016 12.140948250000003
decision_type=2 2 2 2 2 2 2 2 2 2 2 2 2 2 2 2 2 2 2 2 2 2 2 2 2 2 2 2 2 2
left_child=1 6 4 5 14 10 7 -1 11 18 28 -4 17 27 -2 16 -16 -5 -10 -12 -6 23 -23 -9 -18 -24 -22 -7 -3 -20
right_child=2 3 8 12 20 13 -8 21 9 -11 19 -13 -14 -15 15 -17 24 -19 29 -21 26 22 25 -25 -26 -27 -28 -29 -30 -31
leaf_value=-1.6047537960988301 1.3909677480589357 -0.33213186404583128 2.7912197429565286 -0.71228722784577347 0.64665491968338717 0.6514107632929339 -0.29189777448036464 -0.76999042179584465 5.6329682100627387 -2.7304608286162955 -1.0876793709342047 4.1267489606934253 0.52272671511454438 2.0436587651242237 3.4606204741868489 4.7047553544362861 0.67013766109876727 2.8144952871107862 2.0466877806782722 -0.22953631327637469 0.75981993374124079 -2.0956063775385316 2.7621973643066191 -1.4002311346688325 2.6608046975794668 -0.39518617737880901 2.0924878138587375 -0.64540424068016344 1.3032464725809678 -4.0935692358016968
leaf_weight=5914 770 616 1763 82 1944 1514 1763 4123 59 81 2649 790 549 363 569 249 447 529 125 1764 628 94 141 3371 298 142 993 552 428 20
leaf_count=5914 770 616 1763 82 1944 1514 1763 4123 59 81 2649 790 549 363 569 249 447 529 125 1764 628 94 141 3371 298 142 993 552 428 20
internal_value=-0.000747991 -0.715919 2.01264 0.0172772 1.54564 -0.197964 -1.1425 -1.25129 2.98316 1.0005 -0.537469 3.20449 1.48055 0.564768 2.27351 2.70828 2.32996 2.34118 2.48191 -0.744655 1.06931 -0.985705 0.361715 -1.05349 1.4664 1.17793 1.57619 0.304924 0.338311 1.19976
internal_weight=33330 24594 8736 9046 5898 7886 15548 13785 2838 285 5457 2553 1160 2429 2333 1563 1314 611 204 4413 3565 7871 377 7494 745 283 1621 2066 1044 145
internal_count=33330 24594 8736 9046 5898 7886 15548 13785 2838 285 5457 2553 1160 2429 2333 1563 1314 611 204 4413 3565 7871 377 7494 745 283 1621 2066 1044 145
is_linear=0
shrinkage=0.1


Tree=8
num_leaves=31
num_cat=0
split_feature=0 0 0 4 3 5 4 7 3 7 7 7 4 7 3 0 3 4 4 0 4 4 0 0 7 3 7 7 4 4
split_gain=3.91534e+06 653164 345199 234486 193351 174426 133631 130661 112468 97999.4 93411.1 82079.2 79905.8 114667 77244.5 74259.8 62094.7 61500.6 103277 78130.6 81515.5 97722.2 64985.3 64511.4 60885.1 58659.2 68363.5 59846.5 58893.2 71717.8
threshold=6.2066653000000001 8.5032712500000027 4.1687700000000012 10.500000000000002 16.500000000000004 1.0000000180025095e-35 5.5000000000000009 7.4143245000000002 3.5000000000000004 8.2768440000000023 6.7525639500000008 3.0433474500000002 11.500000000000002 2.3807779500000006 14.500000000000002 7.0997076000000012 9.5000000000000018 11.500000000000002 10.500000000000002 12.587916500000002 4.5000000000000009 2.5000000000000004 11.362827000000001 12.587916500000002 2.6840424000000005 14.500000000000002 3.1417055000000005 3.9426440000000005 9.5000000000000018 6.5000000000000009
decision_type=2 2 2 2 2 2 2 2 2 2 2 2 2 2 2 2 2 2 2 2 2 2 2 2 2 2 2 2 2 2
left_child=2 3 11 6 8 -3 7 15 12 -6 14 -1 -4 -14 -7 -2 24 18 19 20 21 -12 -20 -19 -5 27 -27 -8 29 -28
right_child=1 5 4 16 9 10 25 -9 -10 -11 17 -13 13 -15 -16 -17 -18 23 22 -21 -22 -23 -24 -25 -26 26 28 -29 -30 -31
leaf_value=-1.6209401620327892 0.10137863611201728 3.1241785314119337 -0.19573083021068316 -1.0505745083093643 0.073093112486437559 0.60910562798380852 -1.1467935835523635 2.2646049104780555 -0.89555938167994276 1.7380447367277858 1.1061725715937263 -1.0205922253430959 -3.0699015946223818 4.1230836859408848 2.8505460958097881 1.3508550571889837 1.5500843461666305 1.3015876939172273 4.0056053005213288 3.7815729503948137 1.3714402278127229 4.0706681340834168 9.5497512817382812 -4.0235094657311077 3.4768148561138754 3.4294189095497134 1.6116040151580995 0.15109294626793959 1.9478097590096928 -0.36493554666738609
leaf_weight=3209 986 1830 2085 32 2354 756 449 747 5453 416 176 7844 29 94 193 919 529 182 137 268 927 302 25 26 414 88 253 1702 236 669
leaf_count=3209 986 1830 2085 32 2354 756 449 747 5453 416 176 7844 29 94 193 919 529 182 137 268 927 302 25 26 414 88 253 1702 236 669
internal_value=-0.00067319 1.45894 -0.805487 0.8437 -0.392863 2.35514 0.611733 1.14369 -0.651748 0.323136 1.88477 -1.19489 -0.0496178 2.42718 1.06495 0.704144 2.28285 2.26559 2.45031 2.21686 1.9184 2.97914 4.86118 0.635951 3.15198 0.196443 0.742428 -0.119828 0.538236 0.177434
internal_weight=33330 11846 21484 7024 10431 4822 6049 2652 7661 2770 2992 11053 2208 123 949 1905 975 2043 1835 1673 1405 478 162 208 446 3397 1246 2151 1158 922
internal_count=33330 11846 21484 7024 10431 4822 6049 2652 7661 2770 2992 11053 2208 123 949 1905 975 2043 1835 1673 1405 478 162 208 446 3397 1246 2151 1158 922
is_linear=0
shrinkage=0.1


Tree=9
num_leaves=31
num_cat=0
split_feature=6 6 6 5 3 4 3 7 7 7 3 7 4 1 4 4 7 7 4 4 7 4 7 4 7 7 5 1 5 1
split_gain=3.18598e+06 557584 279777 169522 159317 120396 107308 102078 92544.4 84687.2 81798.1 74864.2 72819.4 87386.2 67591.8 137757 114656 74272 71411.3 62250.1 97447.2 58318.3 88198.9 55290.6 52960.8 72383.1 51931.1 53736 50946.3 48149.6
threshold=6.2066653000000001 7.8627131500000003 4.1687700000000012 1.0000000180025095e-35 19.500000000000004 10.500000000000002 15.500000000000002 7.964487000000001 6.7867951500000006 3.6649668000000006 14.500000000000002 7.365201700000001 11.500000000000002 27.891689774170548 5.5000000000000009 7.5000000000000009 12.587916500000002 12.140948250000003 11.500000000000002 1.5000000000000002 6.9362037500000007 10.500000000000002 4.5098812500000003 2.5000000000000004 7.2738488500000011 2.4567522000000004 1.0000000180025095e-35 33.568915709560493 1.0000000180025095e-35 251.67524948458251
decision_type=2 2 2 2 2 2 2 2 2 2 2 2 2 2 2 2 2 2 2 2 2 2 2 2 2 2 2 2 2 2
left_child=2 5 11 14 12 6 19 -6 10 -8 -5 28 26 -14 23 16 -16 21 -19 20 -2 -17 -23 -3 25 -15 -4 -28 -1 -10
right_child=1 3 4 8 7 -7 9 -9 29 -11 -12 -13 13 24 15 17 -18 18 -20 -21 -22 22 -24 -25 -26 -27 27 -29 -30 -31
leaf_value=-0.94694783979919961 0.76482180068269379 1.9319728589141705 -0.31969344179720638 0.53920200398043183 0.15179389805076518 1.7462821619454747 3.1313513752385225 2.1137177171006081 1.8455229309678272 0.81196068953647849 2.3488327976139938 -0.13960494175644572 -0.73275204121038839 -2.2172035076000074 0.4958411816799404 2.6117261615178107 5.3795816808376671 2.5790248084029086 -2.3477981567382815 -0.040800641163114028 6.7894895669185757 -1.5458100976827351 4.9004741776585581 3.6475657579672887 -1.2391437486160635 3.3312775942486725 -1.0071760138838117 -0.17827661856564567 -1.3943963741954628 4.4535947652304015
leaf_weight=5629 144 249 3760 1178 1318 757 179 332 2335 1306 317 791 232 27 517 466 53 76 48 3058 33 23 275 765 43 182 3514 1006 4644 73
leaf_count=5629 144 249 3760 1178 1318 757 179 332 2335 1306 317 791 232 27 517 466 53 76 48 3058 33 23 275 765 43 182 3514 1006 4644 73
internal_value=-0.000605868 1.31554 -0.726884 1.9513 -0.354873 0.57555 0.387786 0.546557 1.54091 1.09154 0.922916 -1.07704 -0.524585 0.667658 2.59926 2.16318 0.949943 2.94195 0.671868 0.0647354 1.88806 3.31039 4.40294 3.22628 1.95692 2.61449 -0.594277 -0.822691 -1.14922 1.92459
internal_weight=33330 11852 21478 6375 10414 5477 4720 1650 3903 1485 1495 11064 8764 484 2472 1458 570 888 124 3235 177 764 298 1014 252 209 8280 4520 10273 2408
internal_count=33330 11852 21478 6375 10414 5477 4720 1650 3903 1485 1495 11064 8764 484 2472 1458 570 888 124 3235 177 764 298 1014 252 209 8280 4520 10273 2408
is_linear=0
shrinkage=0.1


Tree=10
num_leaves=31
num_cat=0
split_feature=6 1 1 4 4 4 7 3 3 3 7 1 3 3 3 4 4 3 3 7 3 1 4 4 5 3 4 4 7 7
split_gain=2.74522e+06 543482 189153 182072 124579 208376 122180 100066 89243.9 86552.5 91405.2 83698.9 83237.5 80072.4 71666.2 69230 71096.9 80350.7 67047 95698.6 62026.7 65791.8 60358.7 60005 59907.4 59468.3 56616.4 80281.5 59269.8 52859.9
threshold=7.4597438500000015 26.243633115018259 95.588448298230517 10.500000000000002 10.500000000000002 5.5000000000000009 8.0593695000000007 13.500000000000002 7.5000000000000009 1.5000000000000002 6.9362037500000007 8.439553228587652 15.500000000000002 15.500000000000002 16.500000000000004 2.5000000000000004 4.5000000000000009 15.500000000000002 11.500000000000002 4.751274500000001 7.5000000000000009 182.49331202314252 9.5000000000000018 11.500000000000002 1.0000000180025095e-35 9.5000000000000018 1.5000000000000002 6.5000000000000009 8.1135460000000013 2.8644975000000006
decision_type=2 2 2 2 2 2 2 2 2 2 2 2 2 2 2 2 2 2 2 2 2 2 2 2 2 2 2 2 2 2
left_child=1 6 4 7 5 8 11 9 -2 10 -3 -1 -10 -13 -7 -4 -17 20 19 23 -18 -22 -16 -6 29 -26 -9 28 -28 -5
right_child=2 3 15 24 18 14 -8 26 12 -11 -12 13 -14 -15 22 16 17 -19 -20 -21 21 -23 -24 -25 25 -27 27 -29 -30 -31
leaf_value=-1.2410325708209569 3.1246122610101099 -0.15347182999234557 0.51363642631519235 -1.088958358114416 2.3337440391381583 0.16004895607161951 0.22462457899540547 -1.1726401510337989 0.89194359422441283 -0.48065070971646223 2.2929403482143544 -0.92777883454587196 2.4269664028519764 -0.32855206526900299 0.91118953876323627 3.8120039604769818 2.8689547932837702 3.0839671101727397 1.566290942944206 4.234037032673255 0.95317155070733972 3.2696152129951792 3.2622338466235066 -4.7376156520843509 1.8657708718724875 -0.23889661878152357 0.68485167518247758 -0.11312287661835758 2.2676854131447133 2.1461981635793896
leaf_weight=4926 457 414 186 55 30 1717 1028 216 859 4492 242 7134 600 3244 590 360 377 783 333 297 739 147 134 20 207 382 1442 1229 283 618
leaf_count=4926 457 414 186 55 30 1717 1028 216 859 4492 242 7134 600 3244 590 360 377 783 333 297 739 147 134 20 207 382 1442 1229 283 618
internal_value=0.0109446 -0.479945 1.67826 0.118025 1.32106 1.12459 -0.830701 -0.0517836 1.90517 -0.323957 0.749016 -0.901589 1.52321 -0.74047 0.511899 2.37239 2.51608 2.28806 2.57992 3.55265 1.79463 1.3375 1.34633 -0.4948 1.23725 0.500774 0.390219 0.504497 0.944528 1.88181
internal_weight=33541 25912 7629 9580 5037 4357 16332 8318 1916 5148 656 15304 1459 10378 2441 2592 2406 2046 680 347 1263 886 724 50 1262 589 3170 2954 1725 673
internal_count=33541 25912 7629 9580 5037 4357 16332 8318 1916 5148 656 15304 1459 10378 2441 2592 2406 2046 680 347 1263 886 724 50 1262 589 3170 2954 1725 673
is_linear=0
shrinkage=0.1


Tree=11
num_leaves=31
num_cat=0
split_feature=1 6 6 7 3 3 1 4 3 3 7 7 3 4 4 3 4 6 4 4 7 4 4 1 6 3 7 4 7 4
split_gain=2.23154e+06 401139 189530 123222 95117.1 84953.4 92611.9 95369 84387.7 74517.8 74458.7 64884.4 64042.3 61985.4 61690 60776.4 56470.9 55165.4 56747.7 64404.6 53320.8 51183.8 102821 94013.1 55233.2 47823.8 74509.5 45556.6 44277.9 110106
threshold=38.522694147082582 7.6847767000000013 4.6069806500000015 5.991747000000001 15.500000000000002 7.5000000000000009 75.334640310434011 11.500000000000002 2.5000000000000004 14.500000000000002 3.0433474500000002 12.140948250000003 15.500000000000002 10.500000000000002 10.500000000000002 14.500000000000002 9.5000000000000018 12.587916500000002 10.500000000000002 4.5000000000000009 7.5510016500000008 10.500000000000002 5.5000000000000009 167.87877010971204 9.6120617500000023 15.500000000000002 3.6649668000000006 2.5000000000000004 8.3367710000000006 2.5000000000000004
decision_type=2 2 2 2 2 2 2 2 2 2 2 2 2 2 2 2 2 2 2 2 2 2 2 2 2 2 2 2 2 2
left_child=2 13 10 9 8 21 -7 12 -4 14 -1 -9 17 25 -3 -12 -14 18 19 27 -6 22 28 24 -23 -2 -27 -8 -5 -30
right_child=1 3 4 5 20 6 7 11 -10 -11 15 -13 16 -15 -16 -17 -18 -19 -20 -21 -22 23 -24 -25 -26 26 -28 -29 29 -31
leaf_value=-1.2125867334530904 0.074685218196963471 0.17071643138765613 0.27470568362924125 4.7715595897654408 0.027869893538347464 0.88345461915628831 0.72868513746394059 0.77337705931321388 -0.66203503537849839 2.0389272645223691 -0.8793813993077777 -3.5550253519197792 2.3036973219186883 1.3156997535399655 2.4044378375155588 -0.36208293610166564 4.0990080598777938 3.1310763922363227 3.4805597594806126 0.56902771054107659 1.0938150952103725 3.9276844826955646 1.1751075620441351 -0.37186201572418215 7.9762392209923796 2.7150696810994832 0.50021259584893352 3.1213219105921413 -0.71001155344645195 3.6429746333350859
leaf_weight=3704 3092 1058 1239 142 1960 1220 126 223 4297 380 6059 41 1172 680 140 3633 206 202 112 709 617 126 443 40 46 175 1150 216 75 258
leaf_count=3704 3092 1058 1239 142 1960 1220 126 223 4297 380 6059 41 1172 680 140 3633 206 202 112 709 617 126 443 40 46 175 1150 216 75 258
internal_value=0.00985012 1.10043 -0.600211 1.59543 -0.218772 1.82421 1.61831 1.91646 -0.452385 0.818778 -0.831221 0.101163 2.09117 0.426915 0.431752 -0.685475 2.57208 1.60569 1.34074 1.11271 0.283085 2.59442 2.27099 3.99491 5.01044 0.290086 0.792741 2.23982 3.29305 2.66257
internal_weight=33541 12032 21509 6935 8113 5357 4227 3007 5536 1578 13396 264 2743 5097 1198 9692 1378 1365 1163 1051 2577 1130 918 212 172 4417 1325 342 475 333
internal_count=33541 12032 21509 6935 8113 5357 4227 3007 5536 1578 13396 264 2743 5097 1198 9692 1378 1365 1163 1051 2577 1130 918 212 172 4417 1325 342 475 333
is_linear=0
shrinkage=0.1


Tree=12
num_leaves=31
num_cat=0
split_feature=0 0 0 4 4 4 3 6 3 3 3 4 4 3 4 4 3 4 4 3 3 0 5 3 0 3 4 0 4 4
split_gain=1.81056e+06 292814 178103 130968 85058.7 141071 78937.5 79946.6 72846.1 59101.5 58891.7 65112.2 99471 57645.5 51387.7 52235.3 58930.5 51157.9 95064 49486 48430.4 47952.9 41138.8 39900.1 39874.8 38673.2 38489.3 36752.3 34593.6 33608.1
threshold=7.0529203500000017 5.1228540000000011 9.7769345000000012 10.500000000000002 10.500000000000002 5.5000000000000009 16.500000000000004 2.2487981000000006 7.5000000000000009 14.500000000000002 13.500000000000002 6.5000000000000009 9.5000000000000018 15.500000000000002 2.5000000000000004 4.5000000000000009 15.500000000000002 2.5000000000000004 6.5000000000000009 10.500000000000002 1.5000000000000002 3.2318096500000002 1.0000000180025095e-35 6.5000000000000009 8.2258275000000012 9.5000000000000018 7.5000000000000009 13.509008500000002 6.5000000000000009 11.500000000000002
decision_type=2 2 2 2 2 2 2 2 2 2 2 2 2 2 2 2 2 2 2 2 2 2 2 2 2 2 2 2 2 2
left_child=1 6 4 9 5 8 21 -8 -2 20 26 -12 -13 24 -4 -16 23 -11 -19 -6 -3 -1 -5 -17 -10 -24 -7 -25 -29 -23
right_child=2 3 14 22 19 10 7 -9 13 17 11 12 -14 -15 15 16 -18 18 -20 -21 -22 29 25 27 -26 -27 -28 28 -30 -31
leaf_value=-1.0870999342974261 2.3855259303579763 0.52938339986652139 0.3322132279155075 1.6519841610922896 2.6307578114084986 -0.47792045696846835 -1.1364991737420069 -0.14445203054857378 0.0031251173405968525 -0.82849890805233672 2.099222605996117 -0.10235880368583017 2.1309857445932954 1.7708330964714247 3.1682556893593734 2.3758279486289666 2.543922618828895 1.0533938351509908 -0.27225461398500989 1.1179718182430765 -0.43193187743751027 -0.70945152092606467 1.6924242221936585 0.82513966714738274 1.2311693856425123 -0.1956030465640371 0.48212887360689999 1.6542361389126694 5.1382127761840826 0.35874409841059096
leaf_weight=4281 556 600 186 580 429 921 1020 3990 539 354 316 788 267 709 360 335 783 1223 970 436 4141 6739 160 778 519 337 764 114 38 308
leaf_count=4281 556 600 186 580 429 921 1020 3990 539 354 316 788 267 709 360 335 783 1223 970 436 4141 6739 160 778 519 337 764 114 38 308
internal_value=0.0088651 -0.430596 1.2372 0.0505613 0.947856 0.799848 -0.676947 -0.346426 1.38723 -0.101547 0.353354 0.840021 0.462857 1.07311 1.93367 2.05738 1.8621 0.286975 0.467038 1.86824 -0.310272 -0.823126 1.07987 1.44008 0.60554 0.412213 -0.0426221 1.103 2.52523 -0.662764
internal_weight=33541 24703 8838 8365 6244 5379 16338 5010 2323 7288 3056 1371 1055 1767 2594 2408 2048 2547 2193 865 4741 11328 1077 1265 1058 497 1685 930 152 7047
internal_count=33541 24703 8838 8365 6244 5379 16338 5010 2323 7288 3056 1371 1055 1767 2594 2408 2048 2547 2193 865 4741 11328 1077 1265 1058 497 1685 930 152 7047
is_linear=0
shrinkage=0.1


Tree=13
num_leaves=31
num_cat=0
split_feature=6 6 7 6 4 7 7 7 3 3 0 4 3 5 7 4 7 6 7 0 4 4 0 4 6 0 4 5 0 4
split_gain=1.49156e+06 258369 136941 89628.9 110662 115642 88423.3 62262.2 61735.5 59574.9 64120 76144.3 55839.7 54575.2 53213 49126.8 53682.2 48579 50233.2 44081.2 43077.9 38664.6 75448 72539.7 45937.5 38382.6 38105.9 43481.3 41544.8 37796.6
threshold=6.2066653000000001 7.6847767000000013 6.3558362500000003 3.2318096500000002 11.500000000000002 3.1079105500000006 5.991747000000001 3.8906453000000005 12.500000000000002 7.5000000000000009 8.6795530000000021 11.500000000000002 14.500000000000002 1.0000000180025095e-35 12.140948250000003 10.500000000000002 12.140948250000003 11.362827000000001 10.622254500000002 5.438279650000001 10.500000000000002 10.500000000000002 12.956804000000002 5.5000000000000009 9.6120617500000023 11.165478500000001 1.5000000000000002 1.0000000180025095e-35 5.7938688000000012 1.5000000000000002
decision_type=2 2 2 2 2 2 2 2 2 2 2 2 2 2 2 2 2 2 2 2 2 2 2 2 2 2 2 2 2 2
left_child=2 13 3 -1 26 -6 12 -7 19 21 -11 15 20 -2 -13 16 -12 18 -17 -4 -3 23 24 -8 -23 -25 -5 -28 -29 -21
right_child=1 6 8 4 5 7 9 -9 -10 10 11 14 -14 -15 -16 17 -18 -19 -20 29 -22 22 -24 25 -26 -27 27 28 -30 -31
leaf_value=-0.94041007712545821 0.72061976542031947 0.086044330315926496 -0.67410918010822862 -1.1101001865464479 -1.5437374018487477 3.9938677503216655 2.7134599348201474 1.0793609978340437 0.38320334430298586 0.70650958938220554 1.4246347309206666 0.55251515159099429 1.6923238062577721 0.061305524147322869 -3.367308295645365 1.9965624393418779 2.7220639893380634 7.9944613456726081 7.1664113825017752 3.3957717967033392 1.952530586043639 3.2735961681320553 -0.56062847614288336 0.51558590336425891 6.9657842967821217 2.9565321642236833 -0.26845786459900051 -0.8099551984334904 -0.020234439989680764 0.17640511986661983
leaf_weight=5641 2282 1059 1401 1015 147 93 476 346 2241 1221 2199 223 382 2791 41 129 373 20 22 40 140 126 40 370 46 78 5281 4110 795 413
leaf_count=5641 2282 1059 1401 1015 147 93 476 346 2241 1221 2199 223 382 2791 41 129 373 20 22 40 140 126 40 370 46 78 5281 4110 795 413
internal_value=0.0079786 0.900397 -0.490329 -0.612599 -0.455716 0.883889 1.29668 1.69678 0.030041 1.49039 1.31765 1.5658 0.639433 0.357886 -0.0562453 1.72191 1.61279 3.3632 2.74979 -0.39684 0.303983 2.13333 3.35129 1.85388 4.26104 0.940572 -0.525799 -0.467576 -0.681958 0.460676
internal_weight=33541 12018 21523 17428 11787 586 6945 439 4095 5364 4228 3007 1581 5073 264 2743 2572 171 151 1854 1199 1136 212 924 172 448 11201 10186 4905 453
internal_count=33541 12018 21523 17428 11787 586 6945 439 4095 5364 4228 3007 1581 5073 264 2743 2572 171 151 1854 1199 1136 212 924 172 448 11201 10186 4905 453
is_linear=0
shrinkage=0.1


Tree=14
num_leaves=31
num_cat=0
split_feature=0 6 7 5 6 4 7 3 3 3 0 4 4 0 7 7 7 4 7 4 4 4 4 3 4 5 4 4 4 7
split_gain=1.21098e+06 213150 117416 77704 70665.4 92028.8 94872.8 58408.3 56643.1 46289.5 52286.9 48556.7 71267.7 49801.6 38941.1 38437.3 36930.4 54336 104683 63304 50528.9 82288.7 37312.9 55517.2 49824 35305.5 40155.7 34994 34005.3 33938.5
threshold=6.2066653000000001 7.6847767000000013 6.3558362500000003 1.0000000180025095e-35 3.2318096500000002 11.500000000000002 3.1079105500000006 9.5000000000000018 12.500000000000002 7.5000000000000009 9.9924895000000031 6.5000000000000009 8.5000000000000018 8.2258275000000012 11.589928500000001 10.228842000000002 10.103724500000002 10.500000000000002 4.2214515500000012 5.5000000000000009 2.5000000000000004 4.5000000000000009 7.5000000000000009 17.500000000000004 6.5000000000000009 1.0000000180025095e-35 1.5000000000000002 2.5000000000000004 4.5000000000000009 4.1954155000000002
decision_type=2 2 2 2 2 2 2 2 2 2 2 2 2 2 2 2 2 2 2 2 2 2 2 2 2 2 2 2 2 2
left_child=2 15 4 16 -1 25 -7 -8 -4 -5 11 13 -13 -11 -10 -2 17 19 -19 -3 -18 -22 23 -21 -25 26 -6 -12 -29 -9
right_child=1 3 8 9 5 6 7 29 14 10 27 12 -14 -15 -16 -17 20 18 -20 22 21 -23 -24 24 -26 -27 -28 28 -30 -31
leaf_value=-0.84802428480087322 0.26513117173284773 1.8129673902345791 -0.37488313311720867 1.9607648192071601 -1.1994521951029498 -1.4227819674241713 2.9127403249017529 2.9767453224100966 0.30845383662773962 0.039611060828415319 -0.4839211062039479 -0.85795703656540434 0.69532378703395104 1.3790322399328316 3.3814530945959547 1.7038639774131035 -0.20483433442811172 -2.8300512421131137 3.4887324138043021 -2.3316677872253502 4.7457828149957173 1.9243838092877266 1.2682382581865088 1.9819819822219704 -0.48316412734555769 -0.66528258448568156 -0.23015911583109494 2.625453480962411 1.2198073045484168 -0.0081222156980144452
leaf_weight=5635 4904 614 1880 380 465 142 183 47 2269 402 101 484 758 897 42 193 90 30 208 92 118 834 323 130 222 5359 5286 206 1046 201
leaf_count=5635 4904 614 1880 380 465 142 183 47 2269 402 101 484 758 897 42 193 90 30 208 92 118 834 323 130 222 5359 5286 206 1046 201
internal_value=0.00718073 0.810563 -0.442226 1.1714 -0.557164 -0.416875 0.818972 1.55755 0.0327183 0.907276 0.80447 0.53708 0.0900195 0.964523 0.364302 0.319609 1.59562 1.29675 2.69225 1.05625 2.05998 2.2741 0.450486 -0.14441 0.427259 -0.480613 -0.308532 1.30664 1.45109 0.557558
internal_weight=33541 12032 21509 6935 17318 11683 573 431 4191 4274 3894 2541 1242 1299 2311 5097 2661 1619 238 1381 1042 952 767 444 352 11110 5751 1353 1252 248
internal_count=33541 12032 21509 6935 17318 11683 573 431 4191 4274 3894 2541 1242 1299 2311 5097 2661 1619 238 1381 1042 952 767 444 352 11110 5751 1353 1252 248
is_linear=0
shrinkage=0.1


Tree=15
num_leaves=31
num_cat=0
split_feature=6 5 6 6 6 3 4 4 4 4 4 0 4 4 0 4 4 3 0 4 3 4 3 4 0 6 3 4 3 0
split_gain=937272 158445 118299 88037.4 82163.9 58612.1 54218.3 43851.7 40351 35842 44658.5 32470.1 53627.9 51993.1 45956.4 42229.8 86957.8 47880.4 39953.1 37313.9 32276.5 32708.7 30577.5 29945.2 80683.2 29567.5 27097.5 25692.8 32053.4 35617
threshold=6.0508675000000007 1.0000000180025095e-35 7.9652756500000006 8.6182282500000031 4.1687700000000012 19.500000000000004 10.500000000000002 1.5000000000000002 5.5000000000000009 2.5000000000000004 4.5000000000000009 10.480445500000002 11.500000000000002 10.500000000000002 10.778590000000001 6.5000000000000009 8.5000000000000018 8.5000000000000018 12.587916500000002 2.5000000000000004 15.500000000000002 4.5000000000000009 8.5000000000000018 11.500000000000002 5.3869674500000011 7.1823535000000005 16.500000000000004 4.5000000000000009 16.500000000000004 12.587916500000002
decision_type=2 2 2 2 2 2 2 2 2 2 2 2 2 2 2 2 2 2 2 2 2 2 2 2 2 2 2 2 2 2
left_child=4 3 -3 6 7 23 8 -1 25 -5 -11 15 13 19 -15 20 -17 -18 -14 -13 21 22 -4 -6 -25 -2 -9 -21 29 -29
right_child=1 2 11 9 5 -7 -8 26 -10 10 -12 12 18 14 -16 16 17 -19 -20 27 -22 -23 -24 24 -26 -27 -28 28 -30 -31
leaf_value=-1.1806018650344103 0.63072537171090715 -0.04013795481644309 2.6820898008001741 0.23162137669552663 -0.36205339316447738 0.35682508452897577 1.6888270537023962 -0.65540360161543765 0.29242050476691184 3.0596681569443374 1.587748044418418 -1.0418363149990053 0.2629488322613896 0.62520494759082801 5.4754922381469182 -0.86071100244465226 2.4072983945837088 0.45244869499204116 -4.2158073697771341 2.5804663079778356 2.0496065124165859 0.16027824210833355 0.88531796399059637 -0.62644856984090624 2.1578199355702465 1.5878546510628839 -0.30462237019121613 0.28307127688060363 2.9602633104604834 1.8367846070119171
leaf_weight=1196 760 3609 121 157 7774 1532 575 6681 1619 244 1328 68 69 30 56 503 151 736 28 150 233 498 436 259 174 561 3285 378 85 242
leaf_count=1196 760 3609 121 157 7774 1532 575 6681 1619 244 1328 68 69 30 56 503 151 736 28 150 233 498 436 259 174 561 3285 378 85 242
internal_value=-0.0121839 0.667686 0.369465 1.08812 -0.423242 -0.21098 0.800752 -0.608443 0.627063 1.67233 1.81621 0.760124 1.21594 1.43185 3.78353 0.571873 0.189616 0.785236 -1.02989 1.21273 0.984401 0.749147 1.27564 -0.316972 0.492403 1.0372 -0.539779 1.39204 1.13918 0.889521
internal_weight=33538 12637 7393 5244 20901 9739 3515 11162 2940 1729 1572 3784 1106 1009 86 2678 1390 887 97 923 1288 1055 557 8207 433 1321 9966 855 705 620
internal_count=33538 12637 7393 5244 20901 9739 3515 11162 2940 1729 1572 3784 1106 1009 86 2678 1390 887 97 923 1288 1055 557 8207 433 1321 9966 855 705 620
is_linear=0
shrinkage=0.1


Tree=16
num_leaves=31
num_cat=0
split_feature=6 7 7 0 4 4 7 7 6 7 4 6 4 7 5 0 4 7 4 6 5 4 4 7 4 5 5 4 5 6
split_gain=759190 144083 120137 75478.5 69885.5 63789.8 60902 64055.8 89441.6 57411 64989.7 58813.1 56141.2 76318.9 51704.2 41683.6 39452.6 36138.9 33915.6 33567.5 34243 30641.8 48083.8 30027.7 29433.4 51314.4 29412.1 28986.8 60083 34284.9
threshold=6.0508675000000007 5.9607530000000013 8.1135460000000013 8.2258275000000012 10.500000000000002 6.5000000000000009 9.2683150000000012 9.8808025000000015 7.3199150000000008 3.0433474500000002 10.500000000000002 2.3807779500000006 4.5000000000000009 4.6332865000000014 1.0000000180025095e-35 7.596551250000001 5.5000000000000009 11.589928500000001 2.5000000000000004 5.3869674500000011 1.0000000180025095e-35 8.5000000000000018 6.5000000000000009 4.9125244500000003 8.5000000000000018 1.0000000180025095e-35 1.0000000180025095e-35 3.5000000000000004 1.0000000180025095e-35 7.1396402500000002
decision_type=2 2 2 2 2 2 2 2 2 2 2 2 2 2 2 2 2 2 2 2 2 2 2 2 2 2 2 2 2 2
left_child=2 12 9 4 14 18 -6 -8 -9 -1 -11 -12 13 27 16 -15 -3 -18 -4 20 -13 22 -16 -14 -25 -26 -5 -2 29 -29
right_child=1 3 5 26 6 -7 7 8 -10 10 11 19 23 15 21 -17 17 -19 -20 -21 -22 -23 -24 24 25 -27 -28 28 -30 -31
leaf_value=-0.73908496695978432 1.088977655156933 1.2699768799215225 -0.47217010290194783 1.4394362069127791 2.0098096297753432 -0.24830464677613354 -3.5343871237233628 3.8647748747042252 -1.6700499909823059 -0.4282973330286039 -1.143510549311324 0.64749853073666674 -0.29384944630550702 -1.1128740617494544 0.047824457427486783 0.71407096536660741 0.16131825471521782 3.6354102407732323 1.3712677206004669 1.2649074360801857 -0.38886710685902631 0.85022906702277923 -1.4048704519571849 -0.043433777225986868 2.8210217225232297 0.36517168268308803 0.91398383461385668 -0.24473251492258102 5.3099727611456604 3.2821610061489808
leaf_weight=4969 435 722 117 1826 496 627 43 56 61 12573 281 708 2083 237 928 264 878 31 679 367 580 280 302 804 112 354 2557 63 56 49
leaf_count=4969 435 722 117 1826 496 627 43 56 61 12573 281 708 2083 237 928 264 878 31 679 367 580 280 302 804 112 354 2557 63 56 49
internal_value=-0.0109656 0.600917 -0.380917 0.850164 0.523801 0.506086 1.46256 -0.233902 0.979097 -0.445719 -0.345248 0.194102 0.143471 0.761988 0.32774 -0.150172 0.718123 0.279797 1.10031 0.421213 0.180812 -0.0939243 -0.308853 -0.0601801 0.323074 0.955419 1.13289 1.51985 2.63551 1.29828
internal_weight=33538 12637 20901 8180 3797 1423 656 160 117 19478 14509 1936 4457 1104 3141 501 1631 909 796 1655 1288 1510 1230 3353 1270 466 4383 603 168 112
internal_count=33538 12637 20901 8180 3797 1423 656 160 117 19478 14509 1936 4457 1104 3141 501 1631 909 796 1655 1288 1510 1230 3353 1270 466 4383 603 168 112
is_linear=0
shrinkage=0.1


Tree=17
num_leaves=31
num_cat=0
split_feature=1 7 5 1 7 1 3 4 4 3 7 4 4 3 7 7 3 4 7 4 3 7 4 3 4 1 7 7 1 4
split_gain=618022 119067 79216.4 75596.8 52503.3 50899.3 48348.6 46597.9 60200.2 57958.2 43949.1 41118.2 71082 66716.8 69815.5 56290.9 60663.3 40439.5 80082.7 49560.2 40030 75152.2 39863 63857.1 37347.9 54196.6 37152.6 38668.2 36789.5 34664.3
threshold=45.61834434570563 8.1135460000000013 1.0000000180025095e-35 20.786530782293283 10.228842000000002 95.588448298230517 1.0000000180025095e-35 5.5000000000000009 8.5000000000000018 9.5000000000000018 5.2011511500000003 6.5000000000000009 2.5000000000000004 17.500000000000004 9.9924895000000031 10.103724500000002 12.500000000000002 10.500000000000002 2.9374145500000002 5.5000000000000009 6.5000000000000009 8.3367710000000006 6.5000000000000009 12.500000000000002 10.500000000000002 27.891689774170548 5.4388205000000012 7.2257320000000007 14.744209190288023 11.500000000000002
decision_type=2 2 2 2 2 2 2 2 2 2 2 2 2 2 2 2 2 2 2 2 2 2 2 2 2 2 2 2 2 2
left_child=1 3 4 -1 17 7 -5 20 22 10 -10 12 -3 -14 28 -13 -17 19 -19 -2 21 -4 23 -9 -8 -26 -27 -28 -15 -6
right_child=2 11 5 6 29 -7 24 8 9 -11 -12 15 13 14 -16 16 -18 18 -20 -21 -22 -23 -24 -25 25 26 27 -29 -30 -31
leaf_value=-0.51160038707128941 1.1488281639261571 -0.87430334032559009 4.9495992036299272 0.93032663225102485 1.8004178850234673 0.90404269224274325 -0.26311996989439501 -0.62412608701510042 -0.15127438849636488 0.058064128814184823 2.2036695337823398 -0.52710659517815306 0.55916999009049495 1.2713798042499658 0.12455531614167351 -0.19044264459918286 3.1888667902776175 -4.3485414595831013 1.9837115412486683 0.22561626765972528 0.56009621657480246 -1.4923100339869659 -0.90728700232528381 1.5812379574367175 -0.51444398496851262 0.18322585818246218 2.1733841246497021 -0.46010632108364791 4.0377269875531816 -0.015928826897831285
leaf_weight=12553 1013 183 55 407 959 1627 7750 359 112 951 271 612 494 66 98 116 98 21 408 1365 1517 27 825 207 446 359 274 70 177 118
leaf_count=12553 1013 183 55 407 959 1627 7750 359 112 951 271 612 494 66 98 116 98 21 408 1365 1517 27 825 207 446 359 274 70 177 118
internal_value=-0.009869 -0.286384 0.656551 -0.351481 1.00785 0.427272 -0.135493 0.247876 -0.00359122 0.476365 1.51502 0.48528 0.910636 1.30183 2.3777 -0.0389487 1.35709 0.780108 1.67374 0.618894 0.676424 2.82848 -0.46388 0.182429 -0.184239 0.347812 0.894848 1.6375 3.28637 1.60141
internal_weight=33538 23703 9835 21859 3884 5951 9306 4324 2725 1334 383 1844 1018 835 341 826 214 2807 429 2378 1599 82 1391 566 8899 1149 703 344 243 1077
internal_count=33538 23703 9835 21859 3884 5951 9306 4324 2725 1334 383 1844 1018 835 341 826 214 2807 429 2378 1599 82 1391 566 8899 1149 703 344 243 1077
is_linear=0
shrinkage=0.1


end of trees

feature_importances:
month=169
wind_lag_24h=107
hour=86
wind_speed=63
wind_lag_1h=59
is_daytime=39
wind_speed_2=17

parameters:
[boosting: gbdt]
[objective: regression]
[metric: rmse]
[tree_learner: serial]
[device_type: cpu]
[data_sample_strategy: bagging]
[data: ]
[valid: ]
[num_iterations: 100]
[learning_rate: 0.1]
[num_leaves: 31]
[num_threads: 0]
[seed: 42]
[deterministic: 0]
[force_col_wise: 0]
[force_row_wise: 0]
[histogram_pool_size: -1]
[max_depth: -1]
[min_data_in_leaf: 20]
[min_sum_hessian_in_leaf: 0.001]
[bagging_fraction: 0.8]
[pos_bagging_fraction: 1]
[neg_bagging_fraction: 1]
[bagging_freq: 5]
[bagging_seed: 400]
[bagging_by_query: 0]
[feature_fraction: 0.9]
[feature_fraction_bynode: 1]
[feature_fraction_seed: 30056]
[extra_trees: 0]
[extra_seed: 12879]
[early_stopping_round: 0]
[early_stopping_min_delta: 0]
[first_metric_only: 0]
[max_delta_step: 0]
[lambda_l1: 0]
[lambda_l2: 0]
[linear_lambda: 0]
[min_gain_to_split: 0]
[drop_rate: 0.1]
[max_drop: 50]
[skip_drop: 0.5]
[xgboost_dart_mode: 0]
[uniform_drop: 0]
[drop_seed: 17869]
[top_rate: 0.2]
[other_rate: 0.1]
[min_data_per_group: 100]
[max_cat_threshold: 32]
[cat_l2: 10]
[cat_smooth: 10]
[max_cat_to_onehot: 4]
[top_k: 20]
[monotone_constraints: ]
[monotone_constraints_method: basic]
[monotone_penalty: 0]
[feature_contri: ]
[forcedsplits_filename: ]
[refit_decay_rate: 0.9]
[cegb_tradeoff: 1]
[cegb_penalty_split: 0]
[cegb_penalty_feature_lazy: ]
[cegb_penalty_feature_coupled: ]
[path_smooth: 0]
[interaction_constraints: ]
[verbosity: -1]
[saved_feature_importance_type: 0]
[use_quantized_grad: 0]
[num_grad_quant_bins: 4]
[quant_train_renew_leaf: 0]
[stochastic_rounding: 1]
[linear_tree: 0]
[max_bin: 255]
[max_bin_by_feature: ]
[min_data_in_bin: 3]
[bin_construct_sample_cnt: 200000]
[data_random_seed: 175]
[is_enable_sparse: 1]
[enable_bundle: 1]
[use_missing: 1]
[zero_as_missing: 0]
[feature_pre_filter: 1]
[pre_partition: 0]
[two_round: 0]
[header: 0]
[label_column: ]
[weight_column: ]
[group_column: ]
[ignore_column: ]
[categorical_feature: ]
[forcedbins_filename: ]
[precise_float_parser: 0]
[parser_config_file: ]
[objective_seed: 16083]
[num_class: 1]
[is_unbalance: 0]
[scale_pos_weight: 1]
[sigmoid: 1]
[boost_from_average: 1]
[reg_sqrt: 0]
[alpha: 0.9]
[fair_c: 1]
[poisson_max_delta_step: 0.7]
[tweedie_variance_power: 1.5]
[lambdarank_truncation_level: 30]
[lambdarank_norm: 1]
[label_gain: ]
[lambdarank_position_bias_regularization: 0]
[eval_at: ]
[multi_error_top_k: 1]
[auc_mu_weights: ]
[num_machines: 1]
[local_listen_port: 12400]
[time_out: 120]
[machine_list_filename: ]
[machines: ]
[gpu_platform_id: -1]
[gpu_device_id: -1]
[gpu_use_dp: 0]
[num_gpu: 1]

end of parameters

pandas_categorical:[]
